index,x,y,z,roll,pitch,yaw
0,-3.62127,5.26882,1.73318,0.0193806, -0.00363458, 0.877462, 0.479241
1,-3.62931,5.26543,1.73411,0.0193806, -0.00363458, 0.877462, 0.479241
2,-3.63658,5.26138,1.73397,0.0192054, -0.00506476, 0.879307, 0.475841
3,-3.65972,5.25054,1.7351,0.0192429, -0.00771513, 0.882582, 0.469701
4,-3.68212,5.23945,1.73576,0.0198674, -0.00862234, 0.883743, 0.467471
5,-3.69549,5.23181,1.73539,0.0202087, -0.0101984, 0.884893, 0.465244
6,-3.70969,5.22395,1.73724,0.020121, -0.01222, 0.885881, 0.463315
7,-3.72537,5.21374,1.73625,0.0212634, -0.0137788, 0.886917, 0.461233
8,-3.73824,5.20362,1.73385,0.0222185, -0.0157739, 0.888096, 0.458849
9,-3.75214,5.19322,1.73703,0.0221435, -0.0175709, 0.890863, 0.453391
10,-3.76776,5.18365,1.73922,0.0227506, -0.0185579, 0.892094, 0.450895
11,-3.77799,5.17509,1.73941,0.0229004, -0.0195925, 0.89274, 0.449564
12,-3.78196,5.17016,1.74037,0.0229004, -0.0195925, 0.89274, 0.449564
13,-3.78715,5.16577,1.74099,0.0237178, -0.0200113, 0.893313, 0.448362
14,-3.79841,5.15749,1.73976,0.0250059, -0.0198439, 0.893888, 0.447152
15,-3.81783,5.14147,1.73456,0.0266451, -0.0198268, 0.894562, 0.445708
16,-3.83568,5.1234,1.73062,0.0269223, -0.0209361, 0.894566, 0.445633
17,-3.84513,5.11178,1.72685,0.0271588, -0.0219475, 0.894019, 0.446666
18,-3.85342,5.09977,1.72426,0.0271918, -0.0237755, 0.893018, 0.44857
19,-3.86176,5.08707,1.72268,0.0284926, -0.0245124, 0.891969, 0.450532
20,-3.88108,5.07358,1.71933,0.0283904, -0.0247721, 0.891296, 0.451853
21,-3.90466,5.05426,1.7172,0.0316441, -0.0243095, 0.890103, 0.454009
22,-3.91329,5.03853,1.71718,0.0320256, -0.0226683, 0.889611, 0.45503
23,-3.91264,5.035,1.71813,0.0320256, -0.0226683, 0.889611, 0.45503
24,-3.92,5.02805,1.7183,0.0334486, -0.0213437, 0.889346, 0.455511
25,-3.93295,5.01522,1.71895,0.0344357, -0.0199062, 0.888982, 0.456212
26,-3.94467,5.00309,1.71827,0.035315, -0.0182605, 0.88855, 0.457054
27,-3.95557,4.98967,1.71795,0.0355333, -0.0182978, 0.887977, 0.458149
28,-3.96603,4.97571,1.7195,0.034255, -0.0184134, 0.887552, 0.459062
29,-3.97589,4.96208,1.71842,0.0337036, -0.0174723, 0.887112, 0.45999
30,-3.98538,4.94863,1.71703,0.0330854, -0.0165357, 0.886883, 0.46051
31,-3.99308,4.93219,1.72094,0.0332882, -0.0165538, 0.886385, 0.461454
32,-3.9968,4.91369,1.72826,0.0321774, -0.0152728, 0.885806, 0.462687
33,-4.00898,4.90278,1.72814,0.03239, -0.0129932, 0.886306, 0.461784
34,-4.01986,4.90055,1.72424,0.03239, -0.0129932, 0.886306, 0.461784
35,-4.02957,4.88888,1.72292,0.0307313, -0.0151821, 0.88497, 0.464385
36,-4.04461,4.87079,1.72092,0.0306673, -0.0184202, 0.884078, 0.465968
37,-4.05539,4.85887,1.72123,0.0304837, -0.0216388, 0.883373, 0.467177
38,-4.06614,4.84799,1.72251,0.0309667, -0.023776, 0.882924, 0.467889
39,-4.07533,4.83369,1.72488,0.0304738, -0.0254626, 0.882636, 0.468376
40,-4.08212,4.81942,1.72466,0.0303875, -0.0256956, 0.883004, 0.467675
41,-4.09484,4.81068,1.72431,0.0289479, -0.0265844, 0.884266, 0.465327
42,-4.1098,4.80204,1.72762,0.0276039, -0.0272381, 0.885339, 0.463325
43,-4.11969,4.79149,1.72994,0.0267908, -0.0275639, 0.886558, 0.461018
44,-4.13342,4.78388,1.72846,0.0257654, -0.0274426, 0.888308, 0.457702
45,-4.14242,4.78157,1.72602,0.0257654, -0.0274426, 0.888308, 0.457702
46,-4.14758,4.77654,1.72673,0.0236399, -0.0297578, 0.889717, 0.454928
47,-4.15919,4.76777,1.72584,0.0215476, -0.0317846, 0.891438, 0.451512
48,-4.17267,4.75891,1.72243,0.0199978, -0.0330357, 0.893284, 0.44783
49,-4.18669,4.75146,1.71689,0.0183313, -0.0324982, 0.895555, 0.443383
50,-4.20869,4.74302,1.71353,0.0144482, -0.0285243, 0.900555, 0.433564
51,-4.23239,4.73314,1.71639,0.0118491, -0.0265541, 0.903173, 0.428291
52,-4.24864,4.72647,1.71731,0.00947558, -0.0241555, 0.905423, 0.423717
53,-4.26289,4.71915,1.71959,0.00775184, -0.0224562, 0.907357, 0.419689
54,-4.27965,4.71343,1.72222,0.00748946, -0.0194074, 0.909563, 0.415044
55,-4.3084,4.70354,1.72715,0.00427967, -0.0190937, 0.913033, 0.407417
56,-4.32708,4.69495,1.73331,0.00427967, -0.0190937, 0.913033, 0.407417
57,-4.33464,4.69071,1.734,0.00459764, -0.0182416, 0.915278, 0.402383
58,-4.36021,4.67972,1.73564,0.00522142, -0.0178148, 0.920367, 0.390614
59,-4.38431,4.66907,1.73968,0.00464594, -0.0197382, 0.922897, 0.384512
60,-4.40225,4.65785,1.73893,0.00548581, -0.0194693, 0.927769, 0.372607
61,-4.42041,4.6459,1.7355,0.00503905, -0.0217451, 0.930074, 0.366693
62,-4.43561,4.63054,1.73893,0.00474327, -0.0242083, 0.93407, 0.356238
63,-4.44904,4.61512,1.74514,0.0043904, -0.0258665, 0.936249, 0.350357
64,-4.45528,4.60451,1.7478,0.00546974, -0.0261288, 0.938327, 0.344717
65,-4.46391,4.58859,1.74403,0.0088048, -0.0221139, 0.942266, 0.334019
66,-4.47725,4.56844,1.73989,0.0122292, -0.0206192, 0.945871, 0.323657
67,-4.48366,4.55828,1.73901,0.0122292, -0.0206192, 0.945871, 0.323657
68,-4.48654,4.55344,1.73856,0.0142793, -0.020054, 0.947397, 0.319114
69,-4.49362,4.54261,1.74139,0.0161776, -0.0205473, 0.948638, 0.31528
70,-4.50067,4.52281,1.74382,0.0214178, -0.0225638, 0.950127, 0.310309
71,-4.50561,4.50188,1.74166,0.0252099, -0.0230921, 0.950779, 0.307979
72,-4.50688,4.48813,1.73846,0.030423, -0.0237349, 0.951408, 0.305505
73,-4.50683,4.47233,1.73556,0.0357582, -0.0245164, 0.952061, 0.302821
74,-4.51141,4.44599,1.73444,0.045576, -0.0226217, 0.953193, 0.29805
75,-4.51589,4.42084,1.73456,0.0495897, -0.0219974, 0.953649, 0.295992
76,-4.51755,4.40459,1.73534,0.0527656, -0.0216905, 0.954023, 0.294253
77,-4.51968,4.37795,1.73665,0.0578827, -0.0176448, 0.9547, 0.291353
78,-4.52083,4.35956,1.73742,0.0578827, -0.0176448, 0.9547, 0.291353
79,-4.52081,4.35235,1.73795,0.0597453, -0.0131872, 0.955149, 0.289736
80,-4.52224,4.33971,1.73781,0.0610545, -0.00931808, 0.955836, 0.287338
81,-4.52379,4.3188,1.73727,0.0637896, -0.00415506, 0.957119, 0.282554
82,-4.52457,4.2968,1.73726,0.0643871, -0.00293919, 0.957942, 0.279628
83,-4.5271,4.28404,1.737,0.0645328, -0.00256883, 0.959057, 0.27575
84,-4.53096,4.26408,1.73701,0.062854, -0.00192701, 0.961827, 0.266336
85,-4.53431,4.2439,1.73713,0.0614857, -0.00217137, 0.963377, 0.260996
86,-4.53743,4.23075,1.73692,0.0607869, -0.00270142, 0.965045, 0.254922
87,-4.54018,4.21046,1.73763,0.0616052, -0.00433948, 0.9686, 0.240832
88,-4.54203,4.18957,1.73815,0.0619913, -0.00543545, 0.970396, 0.233366
89,-4.54291,4.18226,1.73778,0.0619913, -0.00543545, 0.970396, 0.233366
90,-4.54405,4.17487,1.73689,0.0627776, -0.00710902, 0.972184, 0.225536
91,-4.54717,4.15213,1.73375,0.063852, -0.0108647, 0.975564, 0.209954
92,-4.54901,4.1287,1.73105,0.0642393, -0.012026, 0.977087, 0.202559
93,-4.55274,4.1055,1.72602,0.063533, -0.0139967, 0.980296, 0.186511
94,-4.55949,4.08335,1.71905,0.0619385, -0.0141439, 0.981841, 0.178752
95,-4.56542,4.06917,1.71427,0.0608684, -0.0133142, 0.983381, 0.170526
96,-4.57019,4.04533,1.71218,0.0546368, -0.0124057, 0.986462, 0.154123
97,-4.57655,4.02077,1.71178,0.0506432, -0.0110254, 0.988125, 0.144649
98,-4.58869,3.99614,1.71193,0.0427571, -0.00556916, 0.990592, 0.129879
99,-4.60392,3.9623,1.71228,0.0372831, -0.00856833, 0.992326, 0.117587
100,-4.61163,3.94522,1.71177,0.0372831, -0.00856833, 0.992326, 0.117587
101,-4.61073,3.93295,1.71305,0.0357048, -0.00900977, 0.992885, 0.113236
102,-4.61501,3.90554,1.71444,0.0326528, -0.00992576, 0.994139, 0.102579
103,-4.62307,3.88281,1.7137,0.031515, -0.0109868, 0.994653, 0.097736
104,-4.63005,3.86161,1.71225,0.0293861, -0.0134353, 0.995487, 0.0892227
105,-4.63617,3.84183,1.71137,0.027784, -0.0126234, 0.995849, 0.0857565
106,-4.63785,3.81866,1.71437,0.0255798, -0.0136104, 0.996402, 0.0796437
107,-4.63994,3.79626,1.7168,0.0238427, -0.0136254, 0.996714, 0.0762022
108,-4.64377,3.77741,1.71436,0.0228532, -0.0132453, 0.997125, 0.0710266
109,-4.64589,3.75731,1.71157,0.0223281, -0.0131225, 0.997257, 0.0693449
110,-4.64311,3.73412,1.71255,0.0222482, -0.0139842, 0.997304, 0.06852
111,-4.63958,3.71758,1.71472,0.0222482, -0.0139842, 0.997304, 0.06852
112,-4.6393,3.70441,1.71184,0.0225916, -0.0119549, 0.997336, 0.068314
113,-4.63869,3.68463,1.70672,0.0234886, -0.00984325, 0.997348, 0.0681836
114,-4.63549,3.66379,1.70028,0.025852, -0.00708869, 0.997351, 0.0676255
115,-4.62667,3.63314,1.69684,0.0297312, -0.00532406, 0.997342, 0.066308
116,-4.62039,3.60968,1.69609,0.0315108, -0.00347643, 0.997415, 0.0644862
117,-4.61555,3.58677,1.69345,0.0345819, 0.000202873, 0.997574, 0.0604197
118,-4.60939,3.56288,1.69147,0.0359865, 0.000911175, 0.997681, 0.0577588
119,-4.60325,3.5379,1.68967,0.0372656, -0.000441814, 0.997931, 0.0523994
120,-4.5938,3.50819,1.69083,0.0373581, -0.0014568, 0.997969, 0.0515801
121,-4.5903,3.48864,1.69164,0.0365698, -0.000357299, 0.998104, 0.0495127
122,-4.59176,3.48188,1.69037,0.0365698, -0.000357299, 0.998104, 0.0495127
123,-4.58849,3.46693,1.68896,0.036524, -2.68152e-05, 0.998259, 0.046322
124,-4.58418,3.44484,1.68677,0.0357107, -0.000669494, 0.99839, 0.0440594
125,-4.5809,3.4225,1.68503,0.0353122, -0.00375618, 0.998688, 0.0368831
126,-4.57218,3.39926,1.68705,0.0344607, -0.00690659, 0.998791, 0.0343678
127,-4.56585,3.37735,1.68853,0.03295, -0.0112898, 0.999122, 0.0232796
128,-4.56615,3.35713,1.68569,0.0323481, -0.0130873, 0.999264, 0.015901
129,-4.56664,3.34437,1.68354,0.0316628, -0.0143262, 0.999365, 0.00783295
130,-4.56572,3.3252,1.68162,0.0295454, -0.0153182, 0.999411, -0.00840382
131,-4.55761,3.29798,1.68359,0.0267776, -0.0185958, 0.999194, -0.0234098
132,-4.55216,3.27636,1.68443,0.0256162, -0.0196746, 0.99893, -0.0330931
133,-4.55355,3.26918,1.68223,0.0256162, -0.0196746, 0.99893, -0.0330931
134,-4.55383,3.26239,1.68067,0.0242037, -0.0210513, 0.998544, -0.0433629
135,-4.55411,3.24126,1.67628,0.0219742, -0.0242559, 0.997337, -0.0651691
136,-4.55407,3.2196,1.67225,0.0208927, -0.0249382, 0.996527, -0.076648
137,-4.54453,3.20438,1.6741,0.0199479, -0.026648, 0.995756, -0.0858054
138,-4.53638,3.18882,1.676,0.018619, -0.0263971, 0.994655, -0.0980666
139,-4.53788,3.16652,1.67371,0.0158063, -0.0225899, 0.992041, -0.12286
140,-4.53678,3.13707,1.67241,0.0132953, -0.0189784, 0.988411, -0.150025
141,-4.53442,3.11485,1.67194,0.012232, -0.0170529, 0.986143, -0.164567
142,-4.532,3.09991,1.67157,0.0113325, -0.0156282, 0.983603, -0.179312
143,-4.53015,3.07814,1.67313,0.00989769, -0.0128793, 0.977554, -0.210059
144,-4.52963,3.0639,1.67475,0.00989769, -0.0128793, 0.977554, -0.210059
145,-4.52863,3.05751,1.6742,0.00869796, -0.0117715, 0.974076, -0.225748
146,-4.52524,3.04438,1.67322,0.0085259, -0.0116793, 0.970333, -0.241338
147,-4.51819,3.02538,1.67236,0.00726334, -0.0114916, 0.961744, -0.273612
148,-4.51133,3.00786,1.67139,0.00528043, -0.0111418, 0.956906, -0.290137
149,-4.5052,2.99646,1.67331,0.00398241, -0.0118014, 0.951381, -0.307765
150,-4.4986,2.9847,1.67486,0.00264102, -0.0128832, 0.945522, -0.325293
151,-4.49328,2.97377,1.67299,0.00118875, -0.0146716, 0.939495, -0.342247
152,-4.48346,2.95999,1.67068,-0.000593181, -0.0177188, 0.927015, -0.374605
153,-4.47207,2.94858,1.66884,-0.00130385, -0.0185296, 0.919995, -0.391489
154,-4.4677,2.94261,1.66892,-0.00214787, -0.0190432, 0.91253, -0.408561
155,-4.46757,2.93961,1.66951,-0.00214787, -0.0190432, 0.91253, -0.408561
156,-4.46333,2.93747,1.66865,-0.00316967, -0.0194762, 0.904751, -0.425483
157,-4.45011,2.93173,1.66697,-0.00519938, -0.01987, 0.889201, -0.457056
158,-4.43693,2.92713,1.66508,-0.00679897, -0.0190307, 0.882243, -0.470361
159,-4.428,2.92534,1.66326,-0.0081926, -0.0185258, 0.8763, -0.481339
160,-4.41408,2.92329,1.66267,-0.00932417, -0.0173044, 0.866515, -0.498764
161,-4.40012,2.92266,1.66101,0.00986178, 0.0153252, -0.862836, 0.505155
162,-4.39009,2.9244,1.65789,0.0101802, 0.0125514, -0.859674, 0.510587
163,-4.37915,2.92659,1.65826,0.0102267, 0.0104719, -0.857003, 0.515103
164,-4.36138,2.93122,1.65987,0.0111951, 0.00512946, -0.852625, 0.522378
165,-4.34443,2.9341,1.65983,0.012502, 0.00356184, -0.850156, 0.526371
166,-4.33958,2.93342,1.65985,0.012502, 0.00356184, -0.850156, 0.526371
167,-4.335,2.9345,1.6593,0.0139105, 0.00155064, -0.84832, 0.529298
168,-4.32499,2.93729,1.65794,0.0150625, -0.000650027, -0.846498, 0.532178
169,-4.30756,2.94248,1.65643,0.0168603, -0.00339039, -0.842333, 0.538682
170,-4.29022,2.94687,1.65542,0.0182559, -0.00490953, -0.839647, 0.542803
171,-4.27749,2.95169,1.65801,0.0195044, -0.00557816, -0.837232, 0.546471
172,-4.26185,2.95657,1.65796,0.0234126, -0.00939275, -0.830394, 0.556606
173,-4.24857,2.95839,1.65418,0.0241284, -0.0102366, -0.826761, 0.561943
174,-4.23835,2.95986,1.65206,0.0241499, -0.0105612, -0.822632, 0.567962
175,-4.22821,2.96141,1.65043,0.0233074, -0.0113097, -0.817831, 0.574874
176,-4.21243,2.96694,1.65461,0.0194076, -0.0094502, -0.806512, 0.590824
177,-4.20161,2.97156,1.65912,0.0194076, -0.0094502, -0.806512, 0.590824
178,-4.19716,2.96977,1.65825,0.0188697, -0.00909798, -0.799501, 0.600299
179,-4.18845,2.96665,1.65674,0.0192202, -0.00838849, -0.792474, 0.609546
180,-4.17975,2.96424,1.65546,0.0199796, -0.00745422, -0.785485, 0.618514
181,-4.17077,2.96253,1.65414,0.0208864, -0.0063921, -0.77869, 0.627029
182,-4.15056,2.97271,1.65477,0.0207695, -0.00394816, -0.767039, 0.641253
183,-4.13581,2.97407,1.65503,0.0217414, -0.00204748, -0.75939, 0.650269
184,-4.13113,2.96301,1.65283,0.021489, -0.00013537, -0.752407, 0.658348
185,-4.11348,2.95887,1.64973,0.0197973, 0.0055139, -0.737309, 0.675243
186,-4.09528,2.95451,1.6472,0.0196152, 0.00849388, -0.729586, 0.683555
187,-4.0833,2.95113,1.64573,0.0202566, 0.010857, -0.722095, 0.691412
188,-4.07748,2.9496,1.64484,0.0202566, 0.010857, -0.722095, 0.691412
189,-4.07172,2.94805,1.64449,0.0222858, 0.012524, -0.71412, 0.699557
190,-4.0563,2.94698,1.64346,0.0267948, 0.0156042, -0.697251, 0.716156
191,-4.04171,2.94391,1.64231,0.0298295, 0.015809, -0.687044, 0.725831
192,-4.03098,2.9382,1.64126,0.0326621, 0.0163064, -0.6768, 0.735261
193,-4.0191,2.93418,1.64071,0.0359674, 0.0169022, -0.666683, 0.744281
194,-4.00632,2.93045,1.64042,0.0385609, 0.0169124, -0.656201, 0.753411
195,-3.98517,2.92752,1.6399,0.0407563, 0.0171993, -0.634434, 0.77171
196,-3.96166,2.92956,1.64058,0.0418988, 0.0162643, -0.624393, 0.779816
197,-3.94782,2.93201,1.64105,0.0429196, 0.0156659, -0.612787, 0.788927
198,-3.9363,2.93095,1.64009,0.0426067, 0.0158082, -0.600417, 0.798395
199,-3.92951,2.93052,1.63954,0.0426067, 0.0158082, -0.600417, 0.798395
200,-3.91709,2.93019,1.63899,0.0432117, 0.0158172, -0.574852, 0.816963
201,-3.89968,2.92932,1.63749,0.0444457, 0.0160607, -0.561466, 0.826149
202,-3.88087,2.93294,1.63997,0.0453236, 0.0176939, -0.549162, 0.834298
203,-3.87081,2.93347,1.64218,0.0474511, 0.0183856, -0.536689, 0.842244
204,-3.87122,2.93029,1.64263,0.0485962, 0.0194409, -0.525892, 0.84894
205,-3.85732,2.93324,1.64442,0.0508354, 0.0224599, -0.50697, 0.86017
206,-3.84226,2.93704,1.64424,0.0523782, 0.0231946, -0.498283, 0.86512
207,-3.8326,2.94034,1.64377,0.0534821, 0.0241936, -0.490142, 0.869664
208,-3.81682,2.94323,1.64186,0.0572307, 0.0265867, -0.475009, 0.877716
209,-3.80153,2.94636,1.64077,0.0577324, 0.0280018, -0.468516, 0.881122
210,-3.7969,2.94862,1.64142,0.0577324, 0.0280018, -0.468516, 0.881122
211,-3.79228,2.95168,1.64032,0.058209, 0.0291759, -0.463154, 0.883883
212,-3.77834,2.96267,1.63777,0.0585434, 0.0314299, -0.455423, 0.887792
213,-3.76498,2.97422,1.63654,0.0583552, 0.0319645, -0.453047, 0.889
214,-3.75023,2.98934,1.63363,0.0584796, 0.0312829, -0.452201, 0.889447
215,-3.7401,3.00079,1.6314,0.0613217, 0.0258858, -0.449628, 0.890732
216,-3.73737,3.00424,1.63068,0.0633757, 0.0210179, -0.448107, 0.891483
217,-3.73214,3.01399,1.62901,0.0652519, 0.0156085, -0.447049, 0.89199
218,-3.72848,3.02739,1.62965,0.0667853, 0.0102872, -0.446335, 0.892311
219,-3.72204,3.04964,1.63121,0.0679403, 0.00111808, -0.446166, 0.892367
220,-3.71442,3.07222,1.63265,0.0682123, -0.00264528, -0.446943, 0.891954
221,-3.71153,3.07971,1.63326,0.0682123, -0.00264528, -0.446943, 0.891954
222,-3.70868,3.08667,1.6338,0.0681354, -0.00587199, -0.447978, 0.891425
223,-3.69899,3.10727,1.63575,0.0668207, -0.00883557, -0.450703, 0.890126
224,-3.68835,3.12634,1.63742,0.0663937, -0.00937392, -0.451807, 0.889592
225,-3.67895,3.14072,1.63804,0.0660214, -0.00922279, -0.453514, 0.888753
226,-3.67228,3.14847,1.63734,0.0659537, -0.00845263, -0.45423, 0.8884
227,-3.66411,3.15821,1.63688,0.064732, -0.00752969, -0.455227, 0.887987
228,-3.64935,3.17949,1.63811,0.0648602, -0.00658811, -0.453389, 0.888925
229,-3.63772,3.19409,1.63788,0.0643097, -0.00528864, -0.451456, 0.889957
230,-3.62545,3.20814,1.63687,0.0622406, -0.00242594, -0.445802, 0.892962
231,-3.61222,3.21938,1.63734,0.0613337, -0.000490564, -0.441899, 0.894966
232,-3.60729,3.22081,1.63796,0.0613337, -0.000490564, -0.441899, 0.894966
233,-3.60212,3.21885,1.63585,0.062387, 0.00101945, -0.437299, 0.897149
234,-3.5872,3.22362,1.63304,0.0626545, 0.00451698, -0.429601, 0.900831
235,-3.57187,3.23337,1.63179,0.0621815, 0.00638966, -0.425466, 0.902813
236,-3.56066,3.24002,1.63093,0.0616719, 0.00802303, -0.421194, 0.904836
237,-3.54432,3.2523,1.62955,0.0600705, 0.0102522, -0.410237, 0.909941
238,-3.52765,3.26556,1.62785,0.0594568, 0.0110884, -0.403226, 0.9131
239,-3.51618,3.27518,1.6266,0.0596668, 0.0122753, -0.396003, 0.916226
240,-3.50584,3.30926,1.63251,0.0594022, 0.0139816, -0.391907, 0.917979
241,-3.49039,3.33091,1.63461,0.0651797, 0.0153004, -0.37528, 0.92449
242,-3.47381,3.32605,1.62996,0.0678992, 0.0155368, -0.367226, 0.92752
243,-3.46786,3.32864,1.62973,0.0678992, 0.0155368, -0.367226, 0.92752
244,-3.46094,3.33321,1.63045,0.0696004, 0.0160263, -0.358259, 0.930886
245,-3.44737,3.34248,1.63145,0.0710048, 0.0164718, -0.348859, 0.934336
246,-3.43346,3.35243,1.63259,0.0720704, 0.0169132, -0.338912, 0.937901
247,-3.41923,3.36323,1.63458,0.072319, 0.017332, -0.328084, 0.941717
248,-3.40525,3.37471,1.63645,0.0730331, 0.0171152, -0.317288, 0.945358
249,-3.3917,3.38711,1.63781,0.0735084, 0.0166104, -0.306423, 0.948908
250,-3.37891,3.40018,1.63945,0.072326, 0.0158553, -0.295246, 0.952548
251,-3.36164,3.42055,1.64136,0.0695077, 0.0148143, -0.270416, 0.960117
252,-3.34686,3.45502,1.64601,0.0673797, 0.014366, -0.258432, 0.96357
253,-3.33941,3.46588,1.64568,0.0667143, 0.0138659, -0.241652, 0.967968
254,-3.33571,3.45601,1.64159,0.0667143, 0.0138659, -0.241652, 0.967968
255,-3.33129,3.45991,1.64069,0.0664929, 0.0140323, -0.225677, 0.971829
256,-3.32276,3.46874,1.6397,0.0660862, 0.0137732, -0.210201, 0.975325
257,-3.31485,3.47912,1.63965,0.0649134, 0.0134627, -0.195693, 0.978422
258,-3.30748,3.49067,1.64007,0.0628144, 0.0138266, -0.182611, 0.981079
259,-3.3007,3.50335,1.64092,0.06087, 0.0143017, -0.170655, 0.983345
260,-3.29477,3.516,1.64202,0.0599421, 0.0140366, -0.159717, 0.985241
261,-3.28976,3.52837,1.64325,0.0591675, 0.0133251, -0.149038, 0.98697
262,-3.28585,3.55827,1.64891,0.0574086, 0.0122592, -0.14091, 0.988281
263,-3.28327,3.57059,1.65033,0.0587087, 0.0108005, -0.129253, 0.989813
264,-3.28147,3.56396,1.64588,0.0587321, 0.00995455, -0.119476, 0.991048
265,-3.28063,3.56863,1.64509,0.0587321, 0.00995455, -0.119476, 0.991048
266,-3.27893,3.5749,1.6441,0.0577628, 0.0090561, -0.110056, 0.992204
267,-3.27574,3.58821,1.64246,0.0564162, 0.00855386, -0.101175, 0.993231
268,-3.27377,3.62051,1.64554,0.0534085, 0.00807858, -0.0953447, 0.993978
269,-3.27179,3.63554,1.64415,0.0532445, 0.00808068, -0.08666, 0.994781
270,-3.26926,3.63201,1.63815,0.0529604, 0.00771621, -0.0802627, 0.995336
271,-3.26626,3.65079,1.64013,0.0551484, 0.00859569, -0.0675241, 0.996155
272,-3.26526,3.66589,1.64647,0.056567, 0.00957187, -0.0625624, 0.996391
273,-3.26568,3.67489,1.6508,0.0594861, 0.00939977, -0.0578747, 0.996506
274,-3.26425,3.68711,1.65189,0.0630852, 0.0081863, -0.053283, 0.996551
275,-3.26507,3.68905,1.65292,0.0664517, 0.00732657, -0.0490691, 0.996555
276,-3.26676,3.68478,1.6537,0.0664517, 0.00732657, -0.0490691, 0.996555
277,-3.26811,3.69042,1.6555,0.0686465, 0.00703347, -0.0459415, 0.996558
278,-3.27059,3.70216,1.65876,0.0699665, 0.00643424, -0.0418882, 0.996649
279,-3.27301,3.76926,1.6647,0.0685829, 0.00481314, -0.0421658, 0.996742
280,-3.27359,3.80013,1.66214,0.0735942, 0.00525633, -0.0341483, 0.99669
281,-3.27457,3.77741,1.65547,0.0758866, 0.00610754, -0.0304345, 0.996633
282,-3.27784,3.79182,1.65583,0.0780017, 0.00657378, -0.0262201, 0.996587
283,-3.28151,3.80506,1.65566,0.0798623, 0.00616151, -0.0216171, 0.996552
284,-3.2855,3.81769,1.65443,0.0819154, 0.00641824, -0.0169771, 0.996474
285,-3.29002,3.82981,1.653,0.0828725, 0.00659969, -0.0122851, 0.996463
286,-3.29017,3.84969,1.65984,0.0807665, 0.00628802, -0.00613219, 0.996694
287,-3.28772,3.86382,1.66704,0.0807665, 0.00628802, -0.00613219, 0.996694
288,-3.28556,3.85966,1.66435,0.0813935, 0.00631628, 0.000998939, 0.996662
289,-3.28315,3.8608,1.66342,0.082128, 0.00656239, 0.00718861, 0.996574
290,-3.28351,3.8705,1.66577,0.083726, 0.00724186, 0.013606, 0.99637
291,-3.28468,3.8798,1.66742,0.0853643, 0.00781729, 0.0206781, 0.996105
292,-3.28635,3.88972,1.66973,0.086601, 0.00856144, 0.0283843, 0.995802
293,-3.28829,3.89996,1.67148,0.0877355, 0.00957768, 0.0364532, 0.995431
294,-3.28982,3.91139,1.67261,0.088726, 0.0108542, 0.0445737, 0.994999
295,-3.28718,3.92476,1.67096,0.0897976, 0.0118362, 0.0538825, 0.994431
296,-3.28363,3.93394,1.67085,0.0878987, 0.0129121, 0.0616989, 0.994133
297,-3.28392,3.94287,1.67407,0.0858045, 0.013831, 0.0690089, 0.993823
298,-3.28441,3.94981,1.67514,0.0858045, 0.013831, 0.0690089, 0.993823
299,-3.28498,3.95695,1.67613,0.0840319, 0.0140184, 0.076266, 0.993441
300,-3.28619,3.97094,1.67777,0.0828361, 0.0135833, 0.0843512, 0.992894
301,-3.28756,3.98478,1.67908,0.0823742, 0.013261, 0.0931266, 0.992152
302,-3.28925,3.99821,1.67999,0.0824782, 0.0131216, 0.102464, 0.991225
303,-3.29162,4.02192,1.67893,0.0831378, 0.0125979, 0.111856, 0.99016
304,-3.28552,4.03793,1.67342,0.0847094, 0.0133878, 0.124015, 0.988567
305,-3.27746,4.04299,1.66916,0.0844327, 0.0142852, 0.132964, 0.987415
306,-3.27512,4.05636,1.66949,0.0847825, 0.0160137, 0.14164, 0.986151
307,-3.27318,4.07055,1.67066,0.0846505, 0.017605, 0.148903, 0.985065
308,-3.27325,4.08537,1.67271,0.084348, 0.0182667, 0.155759, 0.984018
309,-3.27344,4.09304,1.67398,0.084348, 0.0182667, 0.155759, 0.984018
310,-3.27353,4.10141,1.67519,0.0842534, 0.0188023, 0.1627, 0.982892
311,-3.27233,4.118,1.67651,0.0845127, 0.0189712, 0.170302, 0.981578
312,-3.27178,4.13322,1.67928,0.0841919, 0.018585, 0.176064, 0.980596
313,-3.27346,4.14802,1.68316,0.0845821, 0.0182844, 0.181081, 0.979654
314,-3.2752,4.16285,1.68539,0.0857016, 0.0183232, 0.18495, 0.978833
315,-3.2771,4.17664,1.68784,0.0864286, 0.017934, 0.188659, 0.978068
316,-3.27947,4.19062,1.69043,0.0862649, 0.017464, 0.192881, 0.977267
317,-3.27833,4.20544,1.68952,0.087443, 0.0168366, 0.200018, 0.975737
318,-3.27719,4.21867,1.68973,0.088205, 0.0160384, 0.205981, 0.974441
319,-3.28013,4.22974,1.69207,0.0891035, 0.0153542, 0.213235, 0.972808
320,-3.28177,4.2352,1.69215,0.0891035, 0.0153542, 0.213235, 0.972808
321,-3.28386,4.24115,1.6926,0.0888578, 0.0147155, 0.221306, 0.971036
322,-3.28828,4.2524,1.69392,0.0878739, 0.0144733, 0.229812, 0.969152
323,-3.29626,4.27195,1.69644,0.0870461, 0.0141496, 0.239179, 0.966962
324,-3.29689,4.28626,1.6974,0.0869701, 0.0146277, 0.24991, 0.964245
325,-3.29331,4.28936,1.69955,0.0845511, 0.0141851, 0.259086, 0.962042
326,-3.29719,4.29761,1.70346,0.0825755, 0.013942, 0.267939, 0.959789
327,-3.30276,4.30769,1.70538,0.080499, 0.0139487, 0.275748, 0.957752
328,-3.30944,4.31767,1.70689,0.0788996, 0.0134249, 0.283456, 0.95564
329,-3.31423,4.32544,1.71167,0.0774697, 0.0127158, 0.291415, 0.95337
330,-3.33045,4.33593,1.71175,0.0796125, 0.0125716, 0.296246, 0.951705
331,-3.34541,4.34377,1.7077,0.0796125, 0.0125716, 0.296246, 0.951705
332,-3.33778,4.35023,1.70627,0.0802261, 0.0124758, 0.308549, 0.947737
333,-3.33292,4.36084,1.706,0.079157, 0.0121913, 0.316335, 0.945261
334,-3.34024,4.36944,1.70733,0.0780351, 0.0118303, 0.323218, 0.943027
335,-3.35541,4.38203,1.70739,0.0760346, 0.0103135, 0.334303, 0.939337
336,-3.37169,4.39281,1.70708,0.0759314, 0.00945908, 0.339846, 0.937363
337,-3.38068,4.40116,1.70706,0.0756542, 0.0090783, 0.347916, 0.934424
338,-3.38952,4.41011,1.70759,0.0755231, 0.00847338, 0.354947, 0.931793
339,-3.40035,4.41629,1.70853,0.0765269, 0.00783564, 0.362176, 0.92893
340,-3.41141,4.42232,1.70962,0.077199, 0.0070719, 0.369462, 0.926007
341,-3.42312,4.4285,1.71037,0.0773681, 0.00649564, 0.376883, 0.923001
342,-3.42911,4.43156,1.71064,0.0773681, 0.00649564, 0.376883, 0.923001
343,-3.43518,4.43457,1.71215,0.0774637, 0.00671637, 0.38331, 0.920341
344,-3.44487,4.4404,1.71492,0.0786502, 0.00672527, 0.390535, 0.917198
345,-3.45438,4.44555,1.71726,0.0792985, 0.00630433, 0.397167, 0.914292
346,-3.4664,4.45001,1.7194,0.0799677, 0.00625973, 0.40433, 0.911089
347,-3.47791,4.45398,1.72133,0.0811276, 0.00700292, 0.412384, 0.907364
348,-3.49034,4.45651,1.72183,0.0811052, 0.00719124, 0.419973, 0.903877
349,-3.5021,4.45878,1.72473,0.0786924, 0.00635035, 0.430146, 0.899301
350,-3.513,4.46199,1.72908,0.0781583, 0.00678478, 0.440203, 0.894464
351,-3.52493,4.46527,1.73128,0.077505, 0.00836598, 0.450359, 0.889438
352,-3.53608,4.46858,1.73337,0.0760839, 0.00961166, 0.46012, 0.884539
353,-3.54147,4.47022,1.73434,0.0760839, 0.00961166, 0.46012, 0.884539
354,-3.54388,4.47219,1.73024,0.0777659, 0.0104399, 0.470633, 0.878833
355,-3.55122,4.47506,1.72802,0.0756611, 0.0106385, 0.480653, 0.873576
356,-3.56172,4.47738,1.73039,0.0723647, 0.00979937, 0.490909, 0.868145
357,-3.57114,4.4799,1.73165,0.0697588, 0.00961966, 0.501087, 0.862527
358,-3.57998,4.48166,1.73396,0.0681233, 0.00994217, 0.510693, 0.857003
359,-3.59034,4.48321,1.73674,0.066663, 0.00954063, 0.520759, 0.851044
360,-3.59856,4.48758,1.73618,0.066353, 0.00888882, 0.531307, 0.84453
361,-3.60439,4.49255,1.73682,0.0648535, 0.00922852, 0.54188, 0.837899
362,-3.62024,4.49483,1.7398,0.0639711, 0.00882903, 0.550559, 0.832294
363,-3.63147,4.49615,1.73969,0.0632614, 0.00767, 0.559692, 0.826247
364,-3.62982,4.49664,1.73903,0.0632614, 0.00767, 0.559692, 0.826247
365,-3.6357,4.49738,1.73938,0.0612789, 0.00648197, 0.567735, 0.820902
366,-3.64947,4.49815,1.73948,0.0597913, 0.00586687, 0.575418, 0.81565
367,-3.65914,4.50056,1.74041,0.0587303, 0.00483489, 0.583983, 0.809624
368,-3.66692,4.50324,1.74166,0.057029, 0.00339516, 0.591973, 0.803931
369,-3.67902,4.50393,1.74165,0.0555411, 0.00242344, 0.600337, 0.797812
370,-3.68876,4.50695,1.74111,0.0545189, 0.00242307, 0.609759, 0.790706
371,-3.69734,4.50938,1.74057,0.0534949, 0.00204386, 0.617947, 0.784395
372,-3.70783,4.50888,1.74043,0.0531272, 0.00162504, 0.626056, 0.777964
373,-3.71896,4.51303,1.74019,0.0527368, 0.00216699, 0.63505, 0.770666
374,-3.73009,4.51739,1.74066,0.0523269, 0.00201954, 0.642935, 0.764128
375,-3.73566,4.51733,1.74132,0.0523269, 0.00201954, 0.642935, 0.764128
376,-3.74132,4.52024,1.74114,0.0525981, 0.00382715, 0.651251, 0.757027
377,-3.75182,4.52308,1.74224,0.0524377, 0.00553318, 0.658552, 0.750686
378,-3.76075,4.52376,1.74546,0.0521608, 0.00717463, 0.665909, 0.744172
379,-3.77351,4.52839,1.74602,0.0525669, 0.00849992, 0.674019, 0.736792
380,-3.788,4.53231,1.74596,0.052327, 0.00992579, 0.680608, 0.73071
381,-3.79983,4.53453,1.74698,0.0526682, 0.0115664, 0.6873, 0.724369
382,-3.81266,4.53901,1.74755,0.0523393, 0.0127375, 0.693627, 0.718317
383,-3.82633,4.54084,1.74964,0.0516041, 0.0124539, 0.698599, 0.713541
384,-3.84023,4.53977,1.752,0.0510517, 0.0117702, 0.703471, 0.70879
385,-3.85465,4.53864,1.75405,0.0509417, 0.0111079, 0.708121, 0.704164
386,-3.86202,4.53812,1.75494,0.0509417, 0.0111079, 0.708121, 0.704164
387,-3.86574,4.54299,1.75415,0.0505926, 0.0112481, 0.714303, 0.697915
388,-3.8757,4.54703,1.75424,0.0501466, 0.00998003, 0.718675, 0.693464
389,-3.88799,4.54499,1.75583,0.0505163, 0.00895196, 0.723235, 0.688694
390,-3.89981,4.5424,1.75729,0.0521812, 0.00858947, 0.727921, 0.683618
391,-3.91128,4.53973,1.75828,0.0535362, 0.0079812, 0.732735, 0.678358
392,-3.91991,4.54204,1.75695,0.0547494, 0.00844872, 0.739083, 0.671333
393,-3.928,4.54363,1.75573,0.0555656, 0.00751814, 0.744195, 0.665605
394,-3.93943,4.53831,1.75597,0.0562854, 0.00559495, 0.749047, 0.660098
395,-3.95148,4.53208,1.75667,0.0566711, 0.00394408, 0.754011, 0.654401
396,-3.95937,4.53325,1.7573,0.0570293, 0.00457221, 0.759919, 0.647495
397,-3.96148,4.53732,1.75707,0.0570293, 0.00457221, 0.759919, 0.647495
398,-3.96719,4.53438,1.75805,0.0574229, 0.00423746, 0.764505, 0.642042
399,-3.9785,4.52888,1.75956,0.0573479, 0.00454172, 0.769039, 0.636608
400,-3.98935,4.52406,1.76031,0.0578408, 0.00590942, 0.773027, 0.631703
401,-3.99709,4.52393,1.75894,0.0592131, 0.00895185, 0.777311, 0.62626
402,-4.00557,4.52324,1.75725,0.0588068, 0.0115159, 0.780618, 0.62213
403,-4.0172,4.5183,1.75695,0.0571011, 0.0136881, 0.783671, 0.618395
404,-4.02926,4.51318,1.75598,0.0555766, 0.0141846, 0.786371, 0.615086
405,-4.04274,4.50528,1.75538,0.0544164, 0.0132016, 0.788521, 0.612453
406,-4.05672,4.49623,1.75475,0.0534093, 0.0120913, 0.790959, 0.609414
407,-4.06563,4.49507,1.75089,0.0548883, 0.0116919, 0.794798, 0.604274
408,-4.0676,4.49806,1.74783,0.0548883, 0.0116919, 0.794798, 0.604274
409,-4.07326,4.4934,1.74763,0.0565185, 0.0119528, 0.798118, 0.599725
410,-4.08432,4.4851,1.74799,0.0581434, 0.0130361, 0.801564, 0.594933
411,-4.09585,4.47938,1.74818,0.0601586, 0.0134116, 0.804916, 0.590179
412,-4.10982,4.46551,1.74718,0.0621361, 0.0140479, 0.8063, 0.588067
413,-4.1187,4.45605,1.74336,0.0648312, 0.0168306, 0.809043, 0.583921
414,-4.12563,4.45292,1.74051,0.066259, 0.0176412, 0.811087, 0.580893
415,-4.13688,4.44231,1.741,0.0673839, 0.0172609, 0.813569, 0.577292
416,-4.14792,4.4316,1.74075,0.0679739, 0.0166745, 0.816173, 0.573554
417,-4.15811,4.42434,1.7394,0.0671968, 0.0166884, 0.818691, 0.570045
418,-4.16925,4.41696,1.73874,0.0658261, 0.0159474, 0.820463, 0.567674
419,-4.17593,4.41126,1.73902,0.0658261, 0.0159474, 0.820463, 0.567674
420,-4.18183,4.40567,1.73901,0.0646988, 0.015294, 0.821771, 0.565927
421,-4.19285,4.39455,1.73887,0.0641748, 0.0151035, 0.82307, 0.564101
422,-4.20542,4.38266,1.74075,0.0637551, 0.0151187, 0.824869, 0.561514
423,-4.21782,4.37062,1.74305,0.064546, 0.0152638, 0.826972, 0.558317
424,-4.22096,4.36968,1.74012,0.064849, 0.0156284, 0.82995, 0.553835
425,-4.2231,4.36976,1.73745,0.0645502, 0.0140917, 0.831981, 0.550855
426,-4.23122,4.35946,1.73807,0.0651613, 0.0128837, 0.834221, 0.547416
427,-4.2393,4.34823,1.73844,0.0658633, 0.0118638, 0.837238, 0.542728
428,-4.25,4.33472,1.73915,0.0666755, 0.0112722, 0.840084, 0.538226
429,-4.26076,4.32174,1.73994,0.0676067, 0.0105756, 0.843051, 0.533463
430,-4.2647,4.31667,1.74031,0.0676067, 0.0105756, 0.843051, 0.533463
431,-4.26862,4.31173,1.74044,0.0685933, 0.00962488, 0.846153, 0.52842
432,-4.27634,4.30216,1.74061,0.0698023, 0.00929714, 0.849571, 0.522753
433,-4.28403,4.2934,1.74072,0.0709234, 0.0102706, 0.853314, 0.516448
434,-4.29207,4.286,1.74071,0.0718502, 0.0113774, 0.857388, 0.509503
435,-4.3012,4.27954,1.73965,0.0722216, 0.0112495, 0.862, 0.501612
436,-4.31128,4.27316,1.73777,0.0724298, 0.0107754, 0.866724, 0.493384
437,-4.32213,4.26688,1.73557,0.0719487, 0.0094596, 0.871897, 0.484282
438,-4.33346,4.26028,1.73276,0.0707951, 0.0081399, 0.877209, 0.474791
439,-4.3456,4.25301,1.72961,0.069644, 0.00686287, 0.882643, 0.464805
440,-4.35209,4.25681,1.72861,0.0675123, 0.00706602, 0.888405, 0.454014
441,-4.35201,4.26437,1.72925,0.0675123, 0.00706602, 0.888405, 0.454014
442,-4.36544,4.25053,1.72583,0.0665088, 0.00826233, 0.89331, 0.444416
443,-4.38626,4.23341,1.72193,0.0636717, 0.0103659, 0.898531, 0.434143
444,-4.40138,4.22753,1.72177,0.0598444, 0.013315, 0.90347, 0.424244
445,-4.40334,4.2294,1.72603,0.0541369, 0.0170505, 0.907169, 0.41692
446,-4.41336,4.22798,1.73046,0.0428089, 0.0219859, 0.914843, 0.400932
447,-4.43588,4.21766,1.73188,0.037753, 0.0233093, 0.918239, 0.393534
448,-4.45065,4.21219,1.73402,0.0334151, 0.0239572, 0.922058, 0.384861
449,-4.47314,4.20436,1.73505,0.0280367, 0.0262748, 0.928528, 0.36927
450,-4.49418,4.1936,1.73522,0.0264551, 0.026581, 0.931608, 0.361525
451,-4.50696,4.18564,1.73603,0.0256051, 0.0266623, 0.934679, 0.353565
452,-4.51311,4.1816,1.73648,0.0256051, 0.0266623, 0.934679, 0.353565
453,-4.52408,4.17823,1.73682,0.025319, 0.027043, 0.941486, 0.33501
454,-4.53921,4.17079,1.73761,0.0254755, 0.0272361, 0.945051, 0.324788
455,-4.54678,4.16264,1.73829,0.0255416, 0.0272811, 0.948722, 0.313896
456,-4.55531,4.14894,1.73913,0.0254235, 0.0272316, 0.955392, 0.292983
457,-4.56609,4.13494,1.73973,0.024671, 0.025671, 0.958656, 0.28233
458,-4.57445,4.12543,1.73987,0.0236574, 0.0235895, 0.961639, 0.272277
459,-4.58184,4.10979,1.74114,0.0215785, 0.0183332, 0.967192, 0.252462
460,-4.58773,4.09356,1.74169,0.0211453, 0.0168134, 0.969535, 0.24346
461,-4.58941,4.08216,1.73867,0.0211396, 0.0162679, 0.971461, 0.235696
462,-4.59113,4.06542,1.73583,0.0214605, 0.0153259, 0.974817, 0.221443
463,-4.59238,4.05438,1.73546,0.0214605, 0.0153259, 0.974817, 0.221443
464,-4.59243,4.04871,1.73492,0.0210748, 0.015487, 0.976197, 0.215302
465,-4.59236,4.03704,1.73375,0.0208821, 0.0152143, 0.977359, 0.210005
466,-4.59274,4.01719,1.73155,0.0220395, 0.0150127, 0.978809, 0.203033
467,-4.5934,3.99787,1.72869,0.0244534, 0.0151593, 0.979413, 0.199807
468,-4.5912,3.98541,1.7266,0.02704, 0.0156718, 0.979879, 0.197129
469,-4.58711,3.97225,1.72442,0.029938, 0.0173528, 0.980305, 0.194436
470,-4.58077,3.95257,1.72025,0.0366227, 0.0204857, 0.980959, 0.189626
471,-4.57419,3.93174,1.71767,0.0399784, 0.0227763, 0.981108, 0.187912
472,-4.56876,3.91723,1.71716,0.0435535, 0.0253744, 0.981317, 0.185679
473,-4.55944,3.89704,1.71509,0.0514867, 0.0290904, 0.982105, 0.178807
474,-4.55355,3.88405,1.71375,0.0514867, 0.0290904, 0.982105, 0.178807
475,-4.55063,3.8777,1.71306,0.0547567, 0.0308723, 0.982509, 0.175286
476,-4.54537,3.86498,1.71176,0.057261, 0.0311496, 0.982992, 0.171691
477,-4.54089,3.84876,1.71242,0.0595027, 0.0297737, 0.984073, 0.164841
478,-4.53794,3.83369,1.7126,0.0609153, 0.0290863, 0.984663, 0.160877
479,-4.53586,3.82325,1.71046,0.0623117, 0.0290409, 0.985249, 0.156709
480,-4.53401,3.81329,1.70888,0.0630625, 0.0300356, 0.985819, 0.152582
481,-4.53049,3.7982,1.70922,0.0632215, 0.0289569, 0.987026, 0.144722
482,-4.53008,3.78421,1.7101,0.0618901, 0.028401, 0.987743, 0.14045
483,-4.53438,3.77148,1.70947,0.0594672, 0.0296621, 0.988915, 0.132778
484,-4.53735,3.758,1.70793,0.0581041, 0.0297994, 0.989588, 0.128262
485,-4.53852,3.75361,1.70705,0.0581041, 0.0297994, 0.989588, 0.128262
486,-4.53791,3.7411,1.70706,0.0544069, 0.0297994, 0.990772, 0.12051
487,-4.53984,3.72397,1.70868,0.0518105, 0.0284203, 0.991496, 0.115944
488,-4.54457,3.71359,1.7095,0.0495416, 0.0267328, 0.99219, 0.111308
489,-4.55089,3.69572,1.70683,0.0454301, 0.0239932, 0.993542, 0.101166
490,-4.55486,3.67577,1.70197,0.0438204, 0.0239354, 0.994138, 0.0958945
491,-4.55704,3.66198,1.69823,0.0418331, 0.025168, 0.994826, 0.0890902
492,-4.56515,3.64343,1.69604,0.0362041, 0.0291809, 0.996132, 0.0745532
493,-4.57413,3.62369,1.69415,0.0330383, 0.0304245, 0.996718, 0.0673477
494,-4.58042,3.60861,1.69364,0.0291636, 0.030567, 0.997283, 0.0603479
495,-4.58838,3.58315,1.69435,0.0237491, 0.028272, 0.998291, 0.0452873
496,-4.59327,3.56563,1.69511,0.0237491, 0.028272, 0.998291, 0.0452873
497,-4.59595,3.55744,1.69543,0.0219801, 0.0272761, 0.998709, 0.0367933
498,-4.60331,3.53345,1.69586,0.0198465, 0.0284468, 0.999249, 0.0172854
499,-4.61004,3.50972,1.69628,0.0188104, 0.0288939, 0.99938, 0.00718262
500,-4.61339,3.49421,1.6968,0.0183877, 0.02818, 0.99943, -0.00278389
501,-4.61682,3.4692,1.69815,0.0183442, 0.0259074, 0.999232, -0.0229752
502,-4.6191,3.44548,1.69912,0.0186174, 0.0245155, 0.998953, -0.0338508
503,-4.61891,3.43319,1.69883,0.0186684, 0.0232286, 0.998532, -0.0452383
504,-4.61751,3.4148,1.69888,0.018171, 0.0217041, 0.997193, -0.069321
505,-4.61578,3.3967,1.69897,0.0179975, 0.0206049, 0.996268, -0.0818582
506,-4.61503,3.38431,1.70048,0.0179682, 0.018164, 0.995167, -0.094815
507,-4.61494,3.37761,1.70207,0.0179682, 0.018164, 0.995167, -0.094815
508,-4.61258,3.36677,1.70273,0.0165784, 0.0133901, 0.992664, -0.119014
509,-4.60854,3.35049,1.70306,0.015684, 0.0114484, 0.991326, -0.129984
510,-4.60262,3.33471,1.70145,0.015061, 0.00782441, 0.988566, -0.149832
511,-4.59596,3.3172,1.69762,0.0147623, 0.00709103, 0.986984, -0.159983
512,-4.58907,3.30446,1.69678,0.0150249, 0.00582707, 0.985412, -0.169423
513,-4.58196,3.2945,1.6973,0.0144982, 0.00565919, 0.983639, -0.179479
514,-4.57639,3.28548,1.69489,0.0137309, 0.00594761, 0.981872, -0.188954
515,-4.56623,3.27217,1.69122,0.0139344, 0.00632896, 0.978552, -0.20543
516,-4.55474,3.25948,1.68765,0.0144053, 0.00722912, 0.977009, -0.212586
517,-4.54566,3.25137,1.68722,0.0149443, 0.00836198, 0.975439, -0.219603
518,-4.54082,3.24725,1.6879,0.0149443, 0.00836198, 0.975439, -0.219603
519,-4.53051,3.23997,1.68516,0.0159089, 0.013099, 0.972023, -0.233978
520,-4.50939,3.22782,1.68006,0.0172119, 0.0177215, 0.96847, -0.247903
521,-4.49332,3.22138,1.67697,0.0179418, 0.0196533, 0.966466, -0.255412
522,-4.47561,3.20764,1.67676,0.0193645, 0.0189673, 0.962171, -0.271096
523,-4.45719,3.19379,1.67699,0.0198889, 0.02001, 0.959917, -0.278862
524,-4.44142,3.18986,1.67747,0.0165929, 0.0240853, 0.955492, -0.293563
525,-4.42781,3.1876,1.67826,0.0148846, 0.0256645, 0.953059, -0.301328
526,-4.42013,3.18682,1.67873,0.0133185, 0.0272526, 0.950433, -0.309447
527,-4.40819,3.18259,1.67951,0.0102954, 0.0283671, 0.944338, -0.327589
528,-4.39595,3.17683,1.68021,0.00940245, 0.027769, 0.940939, -0.337306
529,-4.39179,3.17453,1.68058,0.00940245, 0.027769, 0.940939, -0.337306
530,-4.37742,3.15544,1.67835,0.00948512, 0.0262054, 0.937724, -0.346261
531,-4.35942,3.13206,1.67598,0.00847342, 0.0230134, 0.930157, -0.366341
532,-4.35162,3.12422,1.67516,0.00743605, 0.021565, 0.926221, -0.376289
533,-4.33886,3.11442,1.67461,0.00596599, 0.0191709, 0.917516, -0.397192
534,-4.32646,3.1055,1.67573,0.00517766, 0.0181563, 0.912774, -0.408029
535,-4.31782,3.09989,1.67698,0.00435309, 0.0172258, 0.907652, -0.419348
536,-4.30842,3.09357,1.67797,0.00373891, 0.0156675, 0.90221, -0.430996
537,-4.29679,3.08801,1.67596,0.00279258, 0.0141866, 0.897193, -0.441401
538,-4.2837,3.08147,1.67272,0.00276115, 0.0101469, 0.885163, -0.465163
539,-4.27248,3.07424,1.67113,0.00175334, 0.00925863, 0.878318, -0.477984
540,-4.26728,3.07137,1.67003,0.00175334, 0.00925863, 0.878318, -0.477984
541,-4.26279,3.0682,1.66913,-0.000444091, 0.00875841, 0.871106, -0.491018
542,-4.25308,3.06097,1.66844,0.00259001, -0.00787466, -0.864026, 0.503379
543,-4.24319,3.05351,1.66808,0.00468646, -0.00772918, -0.85696, 0.515304
544,-4.22775,3.0428,1.6659,0.00856684, -0.00536036, -0.842007, 0.539372
545,-4.21719,3.03487,1.6623,0.0119701, -0.00594435, -0.832412, 0.553997
546,-4.20964,3.03148,1.65946,0.0153223, -0.00670768, -0.825214, 0.564572
547,-4.1887,3.02214,1.65855,0.0214862, -0.00742557, -0.807637, 0.589242
548,-4.1701,3.01219,1.65792,0.0244445, -0.00749082, -0.799267, 0.600432
549,-4.15889,3.00578,1.65706,0.026683, -0.00693974, -0.790902, 0.611321
550,-4.14765,2.99945,1.65658,0.028751, -0.00661665, -0.782639, 0.621777
551,-4.14217,2.99616,1.65638,0.028751, -0.00661665, -0.782639, 0.621777
552,-4.13041,2.98735,1.65593,0.0320043, -0.00605295, -0.764998, 0.643208
553,-4.11639,2.97762,1.65652,0.0324245, -0.00576004, -0.75624, 0.653466
554,-4.10933,2.97483,1.6569,0.0328016, -0.00573863, -0.746178, 0.664913
555,-4.09476,2.96972,1.65521,0.034663, -0.00442015, -0.725586, 0.687243
556,-4.08041,2.96495,1.65296,0.0357669, -0.00467324, -0.715751, 0.697423
557,-4.07114,2.96286,1.65114,0.0360355, -0.00423437, -0.706605, 0.706678
558,-4.05737,2.96169,1.65013,0.0353723, -0.00314921, -0.689802, 0.723126
559,-4.04308,2.96096,1.64974,0.0351547, -0.00353537, -0.681099, 0.731338
560,-4.02918,2.9611,1.64946,0.0350292, -0.00367985, -0.663828, 0.747055
561,-4.01654,2.96163,1.64859,0.0358107, -0.00305642, -0.655669, 0.754192
562,-4.0126,2.96192,1.648,0.0358107, -0.00305642, -0.655669, 0.754192
563,-4.00795,2.96263,1.64711,0.0369482, -0.0029213, -0.648142, 0.760617
564,-3.99349,2.96466,1.64546,0.039955, -0.00202655, -0.633138, 0.773004
565,-3.97876,2.96725,1.64405,0.0413927, -0.00152402, -0.625804, 0.77888
566,-3.96776,2.97036,1.64405,0.04199, -0.000208989, -0.618748, 0.784467
567,-3.95125,2.97507,1.64348,0.0436242, 0.000772031, -0.606291, 0.794045
568,-3.93578,2.9802,1.64146,0.0444749, 0.000149002, -0.600465, 0.798413
569,-3.92054,2.98856,1.63916,0.0462567, -0.00233764, -0.589279, 0.806601
570,-3.90494,2.99756,1.63694,0.0469576, -0.00409291, -0.584313, 0.810158
571,-3.89478,3.00392,1.63556,0.0482468, -0.00621607, -0.579969, 0.813185
572,-3.87808,3.01684,1.63471,0.0513325, -0.0111715, -0.571471, 0.818939
573,-3.86614,3.02627,1.63453,0.0513325, -0.0111715, -0.571471, 0.818939
574,-3.85913,3.03122,1.63416,0.0540845, -0.0158905, -0.562162, 0.825104
575,-3.84692,3.03778,1.63488,0.0565087, -0.0179325, -0.55793, 0.827768
576,-3.83185,3.04644,1.6368,0.0612288, -0.0207588, -0.55131, 0.831792
577,-3.81759,3.05743,1.63784,0.062389, -0.0212205, -0.549059, 0.833182
578,-3.8043,3.06887,1.63821,0.0648513, -0.0220654, -0.545638, 0.835217
579,-3.79152,3.08045,1.63826,0.0666706, -0.0226989, -0.543726, 0.836303
580,-3.77697,3.09427,1.63934,0.0699403, -0.0246861, -0.539308, 0.838836
581,-3.76241,3.10611,1.64083,0.0706406, -0.0254321, -0.53662, 0.840477
582,-3.7549,3.11081,1.64128,0.0711285, -0.0260009, -0.53386, 0.842175
583,-3.74297,3.11863,1.64126,0.0720775, -0.0262576, -0.528484, 0.84547
584,-3.73468,3.12383,1.64111,0.0720775, -0.0262576, -0.528484, 0.84547
585,-3.73049,3.12656,1.64108,0.0722968, -0.0261878, -0.525655, 0.847215
586,-3.7172,3.13535,1.64021,0.0730493, -0.0251003, -0.51976, 0.850813
587,-3.70306,3.14274,1.63934,0.073382, -0.0236643, -0.516438, 0.852846
588,-3.69323,3.14631,1.63853,0.0734378, -0.0221691, -0.513367, 0.854734
589,-3.67808,3.15259,1.63662,0.072951, -0.0191453, -0.507709, 0.858221
590,-3.66233,3.15833,1.6343,0.072785, -0.0176302, -0.504116, 0.860383
591,-3.64552,3.16437,1.63178,0.0734118, -0.0147341, -0.493752, 0.866373
592,-3.62025,3.17347,1.62922,0.0758513, -0.0113501, -0.481915, 0.872855
593,-3.60034,3.17918,1.62691,0.0775177, -0.00928086, -0.475976, 0.875986
594,-3.58735,3.18215,1.62526,0.0792552, -0.00770397, -0.469869, 0.879137
595,-3.5804,3.18418,1.62467,0.0792552, -0.00770397, -0.469869, 0.879137
596,-3.56628,3.18749,1.62738,0.0840213, -0.00488851, -0.456933, 0.88551
597,-3.54626,3.19363,1.63005,0.0857527, -0.00402428, -0.449859, 0.888964
598,-3.52693,3.20254,1.63046,0.0883447, -0.0039976, -0.434633, 0.896255
599,-3.50694,3.21134,1.63138,0.0886201, -0.00443467, -0.42689, 0.89994
600,-3.49374,3.21681,1.63224,0.089435, -0.00548973, -0.418913, 0.903595
601,-3.47443,3.2258,1.63389,0.0907614, -0.00787018, -0.403031, 0.910641
602,-3.45539,3.23545,1.63567,0.0914381, -0.00859356, -0.394482, 0.914302
603,-3.44219,3.24047,1.63625,0.093102, -0.00818895, -0.385573, 0.917932
604,-3.42851,3.24515,1.63655,0.0947219, -0.00680995, -0.376966, 0.921346
605,-3.41556,3.2499,1.637,0.0960684, -0.00511873, -0.367911, 0.924871
606,-3.40947,3.25159,1.63719,0.0960684, -0.00511873, -0.367911, 0.924871
607,-3.39745,3.25663,1.63722,0.0989203, -0.00160515, -0.349545, 0.931682
608,-3.37975,3.26517,1.63728,0.0988221, 0.000400571, -0.33999, 0.935222
609,-3.36859,3.27215,1.63732,0.0975956, 0.00268628, -0.329812, 0.938984
610,-3.35038,3.28362,1.63812,0.0936, 0.0080198, -0.308442, 0.946593
611,-3.33306,3.29582,1.63965,0.0915431, 0.00969557, -0.298791, 0.949868
612,-3.32429,3.30466,1.64074,0.0902683, 0.0110091, -0.289353, 0.952893
613,-3.31629,3.31408,1.64122,0.0900916, 0.011673, -0.27977, 0.955759
614,-3.3086,3.32387,1.64091,0.0903452, 0.0130195, -0.270454, 0.958396
615,-3.2984,3.33916,1.64122,0.0912308, 0.0150171, -0.252266, 0.963231
616,-3.28918,3.35452,1.6432,0.0909725, 0.0161768, -0.244039, 0.965353
617,-3.28626,3.35957,1.64443,0.0909725, 0.0161768, -0.244039, 0.965353
618,-3.28409,3.36551,1.64494,0.0900744, 0.0170144, -0.236726, 0.967243
619,-3.27898,3.38071,1.64109,0.0902615, 0.0170526, -0.230722, 0.968674
620,-3.27408,3.39582,1.63577,0.0893519, 0.0168087, -0.22521, 0.970059
621,-3.27081,3.40804,1.63388,0.0875638, 0.0159413, -0.220246, 0.971375
622,-3.26944,3.41911,1.63312,0.0860066, 0.014007, -0.215803, 0.972541
623,-3.26953,3.43622,1.63264,0.08735, 0.00494921, -0.206799, 0.974464
624,-3.27067,3.45445,1.63184,0.0903298, 0.000667102, -0.20209, 0.975192
625,-3.27281,3.46651,1.63261,0.0940369, -0.00310631, -0.197784, 0.97572
626,-3.27553,3.47939,1.6345,0.0970048, -0.00720233, -0.193488, 0.976269
627,-3.2786,3.49307,1.63661,0.0991707, -0.0105397, -0.189486, 0.976806
628,-3.28011,3.50014,1.63773,0.0991707, -0.0105397, -0.189486, 0.976806
629,-3.28129,3.50716,1.63825,0.0999652, -0.0134014, -0.185512, 0.977452
630,-3.2845,3.5283,1.63985,0.100546, -0.0175185, -0.176694, 0.97896
631,-3.28782,3.55305,1.64146,0.101243, -0.0190269, -0.171664, 0.979755
632,-3.28801,3.56659,1.64158,0.102649, -0.0203932, -0.164585, 0.980795
633,-3.28799,3.57455,1.64164,0.103542, -0.0209483, -0.158087, 0.981758
634,-3.28934,3.58441,1.64282,0.104594, -0.0209064, -0.151582, 0.982673
635,-3.28957,3.59393,1.64429,0.105764, -0.0199855, -0.145564, 0.983476
636,-3.28939,3.60331,1.64618,0.105945, -0.0189752, -0.13936, 0.984375
637,-3.28868,3.61792,1.64895,0.103371, -0.0173242, -0.125256, 0.986572
638,-3.28757,3.63238,1.65196,0.102664, -0.0166643, -0.117663, 0.987592
639,-3.28704,3.63692,1.65333,0.102664, -0.0166643, -0.117663, 0.987592
640,-3.28701,3.64176,1.65463,0.10249, -0.0164726, -0.109528, 0.988548
641,-3.28576,3.65084,1.65654,0.102297, -0.0164345, -0.100078, 0.98957
642,-3.28427,3.66142,1.6556,0.102507, -0.0160131, -0.0904657, 0.990481
643,-3.28547,3.67267,1.65425,0.102363, -0.0156679, -0.0812097, 0.991303
644,-3.28701,3.68705,1.65435,0.101473, -0.0139969, -0.0613329, 0.992847
645,-3.28763,3.70325,1.6541,0.100468, -0.0130538, -0.0512059, 0.993536
646,-3.28752,3.71524,1.65392,0.0987385, -0.0123987, -0.0403693, 0.994217
647,-3.28015,3.72527,1.65237,0.0980665, -0.0112427, -0.0273829, 0.99474
648,-3.27244,3.73543,1.65137,0.097178, -0.0101015, -0.0162886, 0.995082
649,-3.27016,3.74619,1.652,0.0962196, -0.00828721, -0.00559395, 0.99531
650,-3.26888,3.75156,1.65211,0.0962196, -0.00828721, -0.00559395, 0.99531
651,-3.26755,3.7572,1.65178,0.0955178, -0.00663566, 0.0044642, 0.995396
652,-3.26263,3.77496,1.65181,0.0958586, -0.00353878, 0.0228153, 0.995127
653,-3.25632,3.79259,1.6521,0.0963402, -0.00118252, 0.0308725, 0.994869
654,-3.25156,3.80495,1.65231,0.0972938, 0.00121292, 0.0381126, 0.994525
655,-3.24796,3.81866,1.65343,0.0986551, 0.00332336, 0.045249, 0.994087
656,-3.24471,3.83236,1.65498,0.100031, 0.00651125, 0.0514577, 0.993632
657,-3.24205,3.84623,1.65646,0.100215, 0.0085425, 0.0574181, 0.993271
658,-3.24982,3.87018,1.65741,0.101457, 0.0124293, 0.064203, 0.992688
659,-3.25718,3.8948,1.65842,0.102436, 0.0141449, 0.0690771, 0.992237
660,-3.25497,3.90982,1.66059,0.104468, 0.0152255, 0.0734682, 0.991694
661,-3.25415,3.91715,1.6619,0.104468, 0.0152255, 0.0734682, 0.991694
662,-3.25339,3.92413,1.6626,0.107011, 0.0155589, 0.0772282, 0.991132
663,-3.24589,3.94437,1.66408,0.109653, 0.0152005, 0.089252, 0.989838
664,-3.24026,3.96456,1.66627,0.109575, 0.0148274, 0.0951419, 0.989304
665,-3.24293,3.98417,1.66868,0.11015, 0.0128554, 0.107847, 0.987963
666,-3.24546,4.00258,1.67071,0.109943, 0.0112629, 0.114447, 0.987263
667,-3.24779,4.01394,1.6726,0.109188, 0.00999456, 0.121354, 0.986535
668,-3.24985,4.02604,1.67367,0.108484, 0.00958875, 0.128346, 0.985732
669,-3.25186,4.03851,1.67528,0.108169, 0.00939, 0.13451, 0.984946
670,-3.25445,4.05059,1.67763,0.107041, 0.0089409, 0.140783, 0.984196
671,-3.25577,4.06602,1.67749,0.106476, 0.00861273, 0.148318, 0.983153
672,-3.25582,4.07537,1.6764,0.106476, 0.00861273, 0.148318, 0.983153
673,-3.25868,4.08121,1.67811,0.106041, 0.0081226, 0.154889, 0.982191
674,-3.26413,4.09835,1.6819,0.10549, 0.00842367, 0.170187, 0.979713
675,-3.26855,4.11589,1.68416,0.105149, 0.00989344, 0.177393, 0.978457
676,-3.27188,4.12785,1.68466,0.104564, 0.0108683, 0.184486, 0.977197
677,-3.27535,4.14,1.68579,0.103088, 0.0116587, 0.190669, 0.976157
678,-3.28003,4.15288,1.68722,0.101249, 0.0121025, 0.196163, 0.975255
679,-3.28606,4.16586,1.68827,0.100197, 0.0125909, 0.200756, 0.974422
680,-3.29259,4.17879,1.68921,0.0997694, 0.0130467, 0.204911, 0.973595
681,-3.29894,4.1914,1.68957,0.0997029, 0.0134608, 0.208845, 0.97276
682,-3.31044,4.20375,1.6857,0.102019, 0.0137455, 0.210696, 0.972116
683,-3.31881,4.2099,1.68197,0.102019, 0.0137455, 0.210696, 0.972116
684,-3.32773,4.22165,1.68533,0.102876, 0.0130464, 0.217977, 0.970429
685,-3.34078,4.23904,1.68982,0.104115, 0.0139272, 0.221831, 0.969411
686,-3.34972,4.25008,1.69217,0.105682, 0.0141591, 0.22568, 0.968349
687,-3.35928,4.26052,1.69447,0.10616, 0.0138589, 0.229415, 0.967423
688,-3.36716,4.27105,1.69625,0.106324, 0.0136656, 0.233897, 0.966334
689,-3.37434,4.28189,1.69901,0.106332, 0.014399, 0.237594, 0.96542
690,-3.38198,4.29202,1.70301,0.10643, 0.0148955, 0.241047, 0.964545
691,-3.39418,4.30534,1.70696,0.107721, 0.0160774, 0.248627, 0.962456
692,-3.40619,4.31774,1.71019,0.108982, 0.0163514, 0.254488, 0.960777
693,-3.41377,4.32501,1.71232,0.110579, 0.0163913, 0.261347, 0.95875
694,-3.41795,4.32842,1.71325,0.110579, 0.0163913, 0.261347, 0.95875
695,-3.42184,4.33273,1.71442,0.111264, 0.0161813, 0.269452, 0.956428
696,-3.42968,4.34126,1.71664,0.110241, 0.0156624, 0.277602, 0.954222
697,-3.44131,4.35034,1.71546,0.109339, 0.0154855, 0.284244, 0.952371
698,-3.45481,4.35673,1.71217,0.108692, 0.0141382, 0.291008, 0.950421
699,-3.46381,4.36213,1.71259,0.106915, 0.013643, 0.298843, 0.948196
700,-3.47234,4.37321,1.71665,0.104603, 0.0120855, 0.317553, 0.942376
701,-3.48077,4.38506,1.72105,0.104086, 0.011246, 0.327878, 0.938901
702,-3.48719,4.3936,1.72436,0.103736, 0.010418, 0.337667, 0.935474
703,-3.49412,4.40131,1.72696,0.102253, 0.00938362, 0.347634, 0.931991
704,-3.50122,4.40888,1.72986,0.0994612, 0.00855034, 0.357842, 0.928431
705,-3.50475,4.41265,1.73166,0.0994612, 0.00855034, 0.357842, 0.928431
706,-3.51288,4.41314,1.72685,0.0993023, 0.0075454, 0.366468, 0.925085
707,-3.53134,4.4187,1.72216,0.0946881, 0.0060516, 0.387202, 0.9171
708,-3.54621,4.42597,1.72309,0.0922298, 0.00579091, 0.39853, 0.912488
709,-3.55567,4.43137,1.72421,0.0900792, 0.00508983, 0.410354, 0.907452
710,-3.56538,4.43789,1.72457,0.088175, 0.00449326, 0.42256, 0.902024
711,-3.57504,4.44422,1.72459,0.0865315, 0.00449282, 0.434525, 0.896482
712,-3.58503,4.45058,1.72457,0.0849997, 0.00462633, 0.446219, 0.890866
713,-3.60048,4.46015,1.72663,0.0824569, 0.00545325, 0.46899, 0.879329
714,-3.61619,4.46775,1.72844,0.0825676, 0.00624946, 0.480018, 0.873342
715,-3.62573,4.47611,1.7289,0.0827639, 0.00898901, 0.492194, 0.866496
716,-3.62986,4.4831,1.72959,0.0827639, 0.00898901, 0.492194, 0.866496
717,-3.63391,4.48844,1.73357,0.0807785, 0.0108108, 0.504256, 0.8597
718,-3.65127,4.50037,1.7393,0.0793668, 0.0135411, 0.525884, 0.846737
719,-3.67176,4.50944,1.74083,0.0790035, 0.0153056, 0.53593, 0.840419
720,-3.686,4.51435,1.74122,0.0793586, 0.0169444, 0.545692, 0.834048
721,-3.69918,4.51679,1.73988,0.0817265, 0.0171955, 0.554907, 0.82771
722,-3.71273,4.5197,1.73995,0.0807903, 0.0170751, 0.564557, 0.821253
723,-3.7274,4.52504,1.74291,0.0793968, 0.0163337, 0.573916, 0.814893
724,-3.74147,4.52972,1.74454,0.0784918, 0.0154385, 0.583627, 0.808072
725,-3.75505,4.53367,1.74613,0.0775757, 0.013941, 0.593669, 0.80084
726,-3.77516,4.54006,1.75084,0.073462, 0.0122401, 0.615837, 0.784345
727,-3.78853,4.54472,1.75466,0.073462, 0.0122401, 0.615837, 0.784345
728,-3.79407,4.54522,1.75478,0.0729053, 0.0122952, 0.627218, 0.775326
729,-3.80502,4.54523,1.75502,0.0719677, 0.0124101, 0.638374, 0.766254
730,-3.81843,4.5477,1.75627,0.0702542, 0.011095, 0.650175, 0.756448
731,-3.83151,4.55067,1.75664,0.0693752, 0.0102001, 0.660785, 0.747293
732,-3.8418,4.54984,1.75587,0.0689147, 0.00938509, 0.670479, 0.738662
733,-3.85225,4.54807,1.75446,0.0689245, 0.008611, 0.679663, 0.730228
734,-3.86726,4.54432,1.75235,0.0690835, 0.00759719, 0.697607, 0.713102
735,-3.88131,4.53931,1.75117,0.0691117, 0.00748661, 0.706468, 0.704323
736,-3.8886,4.53247,1.74982,0.0689644, 0.00715951, 0.71455, 0.69614
737,-3.90093,4.52333,1.74824,0.068264, 0.00642509, 0.730508, 0.679453
738,-3.91024,4.51883,1.74756,0.068264, 0.00642509, 0.730508, 0.679453
739,-3.91474,4.51575,1.7469,0.0684847, 0.00636018, 0.737285, 0.672071
740,-3.92381,4.51019,1.74624,0.0678414, 0.00624751, 0.743082, 0.665724
741,-3.93217,4.50455,1.74678,0.0675642, 0.00584216, 0.74798, 0.660247
742,-3.94042,4.4983,1.74694,0.06771, 0.00558877, 0.752223, 0.655397
743,-3.95338,4.48846,1.74567,0.0683955, 0.00629011, 0.759321, 0.647081
744,-3.96781,4.4799,1.74526,0.0689549, 0.00677473, 0.762683, 0.643051
745,-3.97768,4.47389,1.74531,0.0700827, 0.00744698, 0.76537, 0.63972
746,-3.98817,4.47181,1.7437,0.0706336, 0.00905546, 0.769285, 0.634925
747,-3.99873,4.4692,1.74205,0.0711304, 0.0110029, 0.77184, 0.63173
748,-4.00987,4.45459,1.74124,0.0727973, 0.0141755, 0.778015, 0.623853
749,-4.01698,4.44471,1.74088,0.0727973, 0.0141755, 0.778015, 0.623853
750,-4.02092,4.43937,1.74086,0.0737384, 0.0163481, 0.781182, 0.619717
751,-4.02575,4.42511,1.74149,0.0752126, 0.0181465, 0.783812, 0.61616
752,-4.03077,4.41228,1.74069,0.0757579, 0.0209336, 0.78701, 0.611913
753,-4.04214,4.39894,1.73879,0.0771271, 0.0260301, 0.792966, 0.603803
754,-4.05308,4.38431,1.73738,0.0780196, 0.0279689, 0.796368, 0.599107
755,-4.06003,4.37454,1.73533,0.078268, 0.0298038, 0.800042, 0.594069
756,-4.06691,4.36581,1.73343,0.077993, 0.0317224, 0.80371, 0.589034
757,-4.07346,4.35737,1.73125,0.0780669, 0.0335442, 0.807362, 0.583907
758,-4.07995,4.34818,1.72877,0.0777995, 0.0341816, 0.811047, 0.578776
759,-4.09094,4.33532,1.72653,0.0770993, 0.0323847, 0.819489, 0.566961
760,-4.09834,4.32741,1.72542,0.0770993, 0.0323847, 0.819489, 0.566961
761,-4.10546,4.32723,1.72982,0.0748904, 0.0301462, 0.824804, 0.559626
762,-4.11534,4.32268,1.73244,0.0744764, 0.0290027, 0.828857, 0.553723
763,-4.12112,4.31383,1.72974,0.0740823, 0.0284583, 0.832704, 0.548002
764,-4.12731,4.30525,1.72847,0.0738363, 0.0282334, 0.836744, 0.541858
765,-4.13292,4.28916,1.72928,0.0732822, 0.028946, 0.844911, 0.529072
766,-4.13996,4.2756,1.72686,0.0742515, 0.0315758, 0.849867, 0.520783
767,-4.14854,4.27122,1.72277,0.0743948, 0.033513, 0.854489, 0.513022
768,-4.16213,4.26211,1.72126,0.0727669, 0.0351524, 0.862939, 0.498805
769,-4.17678,4.25218,1.71922,0.0721012, 0.0351775, 0.867352, 0.491187
770,-4.18735,4.24481,1.71783,0.0702156, 0.0345133, 0.872172, 0.482903
771,-4.19289,4.24108,1.7175,0.0702156, 0.0345133, 0.872172, 0.482903
772,-4.20437,4.23338,1.71612,0.0657737, 0.0322088, 0.882878, 0.463857
773,-4.22204,4.22141,1.71507,0.0632222, 0.0310355, 0.888479, 0.45348
774,-4.23651,4.21478,1.71546,0.0605511, 0.0304494, 0.894333, 0.442238
775,-4.25652,4.20468,1.71681,0.0562886, 0.0340901, 0.904335, 0.421719
776,-4.27465,4.19349,1.72127,0.0535375, 0.0363679, 0.908734, 0.412327
777,-4.29492,4.18298,1.72642,0.0502855, 0.0415829, 0.916831, 0.393908
778,-4.31548,4.17208,1.72835,0.0484581, 0.0427745, 0.920471, 0.385429
779,-4.33584,4.15964,1.72899,0.0464232, 0.0437188, 0.92695, 0.369726
780,-4.3554,4.14647,1.7297,0.0462171, 0.0445627, 0.929454, 0.363308
781,-4.37252,4.13334,1.72918,0.0441328, 0.0434489, 0.934122, 0.351541
782,-4.38376,4.12479,1.72863,0.0441328, 0.0434489, 0.934122, 0.351541
783,-4.39104,4.12152,1.72579,0.0434311, 0.042996, 0.936537, 0.345201
784,-4.40719,4.10687,1.72323,0.0414781, 0.0394477, 0.940753, 0.334226
785,-4.42338,4.08631,1.72401,0.0403172, 0.0379963, 0.944753, 0.323067
786,-4.43687,4.0678,1.72466,0.0389604, 0.0357637, 0.948991, 0.310836
787,-4.44636,4.05384,1.7252,0.0386948, 0.0354961, 0.951149, 0.304234
788,-4.45538,4.04044,1.72592,0.0389615, 0.0367218, 0.955188, 0.291117
789,-4.46621,4.02291,1.72552,0.0386693, 0.0390237, 0.958735, 0.278943
790,-4.47363,4.00772,1.72618,0.0381177, 0.0388369, 0.96031, 0.273575
791,-4.4797,3.98891,1.72687,0.036613, 0.0389897, 0.963253, 0.263217
792,-4.48692,3.96489,1.72481,0.0352108, 0.0402304, 0.965529, 0.254746
793,-4.49031,3.95327,1.72345,0.0352108, 0.0402304, 0.965529, 0.254746
794,-4.49168,3.94724,1.72284,0.0344672, 0.0401467, 0.966224, 0.252213
795,-4.49549,3.9283,1.72017,0.0348427, 0.0402586, 0.967078, 0.248848
796,-4.49921,3.90178,1.71607,0.0379519, 0.0427917, 0.967933, 0.24461
797,-4.50119,3.88077,1.7134,0.0393251, 0.0437696, 0.968485, 0.242021
798,-4.50168,3.85727,1.71129,0.0416871, 0.0452535, 0.969508, 0.237212
799,-4.50166,3.83332,1.70989,0.0426221, 0.0453251, 0.97025, 0.233975
800,-4.50197,3.81021,1.71115,0.0424101, 0.0452881, 0.971819, 0.227417
801,-4.50274,3.78775,1.71238,0.0421393, 0.0458149, 0.972619, 0.223912
802,-4.50379,3.76723,1.71184,0.0416803, 0.0472662, 0.974454, 0.215563
803,-4.50438,3.74743,1.71053,0.0408944, 0.0479839, 0.975574, 0.21043
804,-4.50458,3.74092,1.70982,0.0408944, 0.0479839, 0.975574, 0.21043
805,-4.50438,3.72845,1.70862,0.0400029, 0.0484538, 0.978144, 0.198208
806,-4.5045,3.70974,1.70679,0.0391859, 0.0472841, 0.979547, 0.191616
807,-4.50374,3.69592,1.70678,0.0380483, 0.0445764, 0.980918, 0.185377
808,-4.50439,3.67599,1.70613,0.0356062, 0.0407064, 0.983726, 0.171343
809,-4.50651,3.65803,1.70414,0.0347971, 0.0400946, 0.984953, 0.164464
810,-4.5073,3.64694,1.70367,0.0346017, 0.0392709, 0.986255, 0.156721
811,-4.50769,3.6302,1.70401,0.0335154, 0.0387155, 0.988779, 0.140338
812,-4.50791,3.6136,1.70391,0.0331806, 0.0391957, 0.989922, 0.131978
813,-4.50928,3.59679,1.70394,0.0317307, 0.0369161, 0.992159, 0.11511
814,-4.51147,3.57258,1.70336,0.0304126, 0.0333607, 0.994199, 0.0976222
815,-4.51251,3.55987,1.70256,0.0304126, 0.0333607, 0.994199, 0.0976222
816,-4.51272,3.55592,1.7004,0.0302186, 0.0317998, 0.995246, 0.0869525
817,-4.51523,3.54091,1.69779,0.0287233, 0.0299986, 0.997127, 0.063354
818,-4.5187,3.51856,1.69571,0.0268507, 0.0299478, 0.9984, 0.0397467
819,-4.52134,3.50106,1.69371,0.0251859, 0.0299938, 0.998856, 0.0274391
820,-4.52511,3.48142,1.6926,0.0198833, 0.0294007, 0.999369, 0.00143863
821,-4.52859,3.46043,1.69194,0.0169505, 0.0283293, 0.999377, -0.0124557
822,-4.53182,3.438,1.69112,0.0113319, 0.0267675, 0.998696, -0.0419726
823,-4.53175,3.41741,1.6901,0.00897721, 0.0261331, 0.998039, -0.0561725
824,-4.52968,3.40323,1.68974,0.00692431, 0.0256044, 0.997144, -0.0707111
825,-4.53142,3.3803,1.68938,0.00257044, 0.0247758, 0.994866, -0.0980867
826,-4.53314,3.36585,1.68924,0.00257044, 0.0247758, 0.994866, -0.0980867
827,-4.53332,3.35848,1.68928,0.00126998, 0.0234227, 0.993537, -0.111057
828,-4.53407,3.33751,1.68957,-0.000977167, 0.0223212, 0.990126, -0.138392
829,-4.53429,3.31748,1.69031,-0.00223907, 0.0220961, 0.988127, -0.152025
830,-4.53278,3.29966,1.69116,-0.00454214, 0.0206534, 0.983499, -0.179676
831,-4.52995,3.28375,1.6897,-0.0065181, 0.0211542, 0.980995, -0.192767
832,-4.5228,3.27094,1.68698,-0.00821336, 0.0200477, 0.975452, -0.219142
833,-4.51779,3.25694,1.68807,-0.00843269, 0.0193438, 0.971964, -0.234179
834,-4.51679,3.24717,1.69078,-0.00865691, 0.0188086, 0.968277, -0.249022
835,-4.51127,3.235,1.69115,-0.00903704, 0.0159165, 0.959844, -0.279937
836,-4.50552,3.22266,1.69096,-0.00954419, 0.014144, 0.955456, -0.29464
837,-4.50381,3.2184,1.69111,-0.00954419, 0.014144, 0.955456, -0.29464
838,-4.5018,3.21433,1.69165,-0.0100842, 0.0129657, 0.951112, -0.308408
839,-4.49429,3.20362,1.69247,-0.0117869, 0.0121191, 0.942894, -0.332664
840,-4.48377,3.19401,1.68985,-0.0128293, 0.0131547, 0.939053, -0.343282
841,-4.47721,3.1876,1.68964,-0.0135478, 0.0121599, 0.934866, -0.354535
842,-4.46398,3.18062,1.68862,-0.0156291, 0.0126014, 0.927621, -0.372984
843,-4.44981,3.17251,1.6846,-0.016963, 0.0120256, 0.924104, -0.381575
844,-4.44257,3.16563,1.68227,-0.0177982, 0.0121797, 0.921432, -0.38794
845,-4.43325,3.16004,1.68056,-0.018333, 0.0114453, 0.919071, -0.393499
846,-4.41855,3.15125,1.67975,-0.01976, 0.0123786, 0.915027, -0.402719
847,-4.40327,3.14383,1.67815,-0.0201616, 0.0139436, 0.913455, -0.406202
848,-4.39812,3.14192,1.67765,-0.0201616, 0.0139436, 0.913455, -0.406202
849,-4.3923,3.14003,1.67735,-0.0202694, 0.0155571, 0.912067, -0.409245
850,-4.37477,3.13401,1.6768,-0.0214796, 0.0196131, 0.909033, -0.415708
851,-4.35689,3.12847,1.67673,-0.0218366, 0.0219267, 0.906979, -0.420037
852,-4.34396,3.12537,1.6775,-0.0222403, 0.0242957, 0.904473, -0.425258
853,-4.33088,3.12193,1.67558,-0.0235369, 0.0262901, 0.901679, -0.430964
854,-4.31192,3.11619,1.67187,-0.0246316, 0.0253363, 0.896367, -0.441903
855,-4.29339,3.11079,1.6699,-0.0254249, 0.0248006, 0.893962, -0.446734
856,-4.28195,3.10795,1.66835,-0.0263081, 0.0248244, 0.891778, -0.451025
857,-4.26501,3.10386,1.66719,-0.0280384, 0.0265909, 0.886759, -0.460614
858,-4.24879,3.10085,1.66635,-0.028907, 0.0278175, 0.883706, -0.46632
859,-4.24399,3.1005,1.66587,-0.028907, 0.0278175, 0.883706, -0.46632
860,-4.23901,3.09985,1.66462,-0.0292228, 0.0277198, 0.88042, -0.47248
861,-4.22889,3.09804,1.66271,-0.0289856, 0.0270574, 0.876891, -0.47905
862,-4.21352,3.09429,1.6625,-0.0288655, 0.0243086, 0.869567, -0.492371
863,-4.19821,3.08916,1.66277,-0.0289392, 0.0238217, 0.865313, -0.499828
864,-4.18919,3.08533,1.662,0.0291587, -0.0231928, -0.860943, 0.507335
865,-4.18066,3.08259,1.6608,0.0294386, -0.0220927, -0.856222, 0.515296
866,-4.17143,3.07958,1.6595,0.0303026, -0.0212504, -0.851147, 0.523621
867,-4.15695,3.07398,1.65775,0.0321353, -0.0165269, -0.841302, 0.539357
868,-4.14173,3.06789,1.65652,0.0316605, -0.0133233, -0.83649, 0.546904
869,-4.12538,3.0614,1.65523,0.0306879, -0.00640163, -0.826122, 0.562619
870,-4.11442,3.05697,1.65414,0.0306879, -0.00640163, -0.826122, 0.562619
871,-4.10711,3.05627,1.65388,0.0295751, -0.00350562, -0.820245, 0.571236
872,-4.09452,3.05146,1.65368,0.0298096, -0.00069772, -0.81314, 0.581304
873,-4.07759,3.04266,1.65215,0.0309173, 0.00370834, -0.799717, 0.599569
874,-4.0598,3.03512,1.65014,0.0316257, 0.00523431, -0.793316, 0.607966
875,-4.04705,3.0295,1.64865,0.0325248, 0.00696772, -0.78717, 0.615839
876,-4.02705,3.02074,1.646,0.0357405, 0.00885445, -0.774477, 0.63153
877,-4.00663,3.01227,1.64439,0.0367419, 0.0101351, -0.768317, 0.638933
878,-3.98492,3.00452,1.64374,0.0371631, 0.0126956, -0.756866, 0.65239
879,-3.96304,2.99875,1.64219,0.0370162, 0.0137696, -0.75259, 0.657304
880,-3.95037,2.99492,1.64144,0.0365053, 0.0146445, -0.747867, 0.662682
881,-3.94491,2.99158,1.64164,0.0365053, 0.0146445, -0.747867, 0.662682
882,-3.93732,2.98874,1.64116,0.0364269, 0.0145867, -0.743038, 0.668097
883,-3.91607,2.98189,1.6405,0.0352241, 0.0134054, -0.732391, 0.67984
884,-3.89616,2.97617,1.64011,0.0342868, 0.0130692, -0.725889, 0.686832
885,-3.87766,2.97156,1.63892,0.0347088, 0.0120844, -0.710762, 0.702471
886,-3.85999,2.96737,1.63716,0.0354159, 0.0120253, -0.702685, 0.710517
887,-3.84276,2.96366,1.63552,0.0349857, 0.0140812, -0.687055, 0.725626
888,-3.82382,2.96116,1.63614,0.0324012, 0.016208, -0.679792, 0.73251
889,-3.80495,2.96057,1.63658,0.0282346, 0.0204169, -0.665183, 0.745867
890,-3.78697,2.96014,1.63508,0.0270046, 0.0223042, -0.657736, 0.752434
891,-3.76954,2.96032,1.63395,0.0254964, 0.0257429, -0.643218, 0.764825
892,-3.75833,2.96042,1.63329,0.0254964, 0.0257429, -0.643218, 0.764825
893,-3.75336,2.96053,1.63287,0.0258459, 0.0267438, -0.636411, 0.770453
894,-3.73861,2.96243,1.63201,0.0262105, 0.0303453, -0.623323, 0.780936
