index,x,y,z,roll,pitch,yaw
0,-3.67559,5.24376,1.73637,0.0192429, -0.00771513, 0.882582, 0.469701
1,-3.70233,5.22848,1.73563,0.0202087, -0.0101984, 0.884893, 0.465244
2,-3.7337,5.20806,1.73364,0.0212634, -0.0137788, 0.886917, 0.461233
3,-3.76151,5.18726,1.73998,0.0221435, -0.0175709, 0.890863, 0.453391
4,-3.78196,5.17016,1.74037,0.0229004, -0.0195925, 0.89274, 0.449564
5,-3.80447,5.1536,1.73793,0.0250059, -0.0198439, 0.893888, 0.447152
6,-3.84016,5.11747,1.73004,0.0269223, -0.0209361, 0.894566, 0.445633
7,-3.85675,5.09345,1.72486,0.0271918, -0.0237755, 0.893018, 0.44857
8,-3.89538,5.06646,1.71817,0.0283904, -0.0247721, 0.891296, 0.451853
9,-3.91264,5.035,1.71813,0.0320256, -0.0226683, 0.889611, 0.45503
10,-3.93856,5.00935,1.71943,0.0344357, -0.0199062, 0.888982, 0.456212
11,-3.96035,4.98251,1.7188,0.0355333, -0.0182978, 0.887977, 0.458149
12,-3.98008,4.95525,1.71664,0.0337036, -0.0174723, 0.887112, 0.45999
13,-3.9955,4.92237,1.72448,0.0332882, -0.0165538, 0.886385, 0.461454
14,-4.01986,4.90055,1.72424,0.03239, -0.0129932, 0.886306, 0.461784
15,-4.04996,4.86437,1.72026,0.0306673, -0.0184202, 0.884078, 0.465968
16,-4.07145,4.8426,1.72281,0.0309667, -0.023776, 0.882924, 0.467889
17,-4.08504,4.81408,1.72236,0.0303875, -0.0256956, 0.883004, 0.467675
18,-4.11495,4.79681,1.72897,0.0276039, -0.0272381, 0.885339, 0.463325
19,-4.14242,4.78157,1.72602,0.0257654, -0.0274426, 0.888308, 0.457702
20,-4.16564,4.76404,1.72426,0.0215476, -0.0317846, 0.891438, 0.451512
21,-4.19368,4.74914,1.71318,0.0183313, -0.0324982, 0.895555, 0.443383
22,-4.24107,4.72937,1.7189,0.0118491, -0.0265541, 0.903173, 0.428291
23,-4.26957,4.71473,1.72345,0.00775184, -0.0224562, 0.907357, 0.419689
24,-4.32708,4.69495,1.73331,0.00427967, -0.0190937, 0.913033, 0.407417
25,-4.37822,4.67298,1.7366,0.00522142, -0.0178148, 0.920367, 0.390614
26,-4.4141,4.65053,1.7351,0.00548581, -0.0194693, 0.927769, 0.372607
27,-4.44449,4.6198,1.74196,0.00474327, -0.0242083, 0.93407, 0.356238
28,-4.45699,4.59857,1.74728,0.00546974, -0.0261288, 0.938327, 0.344717
29,-4.48366,4.55828,1.73901,0.0122292, -0.0206192, 0.945871, 0.323657
30,-4.49782,4.53661,1.74467,0.0161776, -0.0205473, 0.948638, 0.31528
31,-4.50771,4.49475,1.74035,0.0252099, -0.0230921, 0.950779, 0.307979
32,-4.50761,4.46315,1.73454,0.0357582, -0.0245164, 0.952061, 0.302821
33,-4.51657,4.41285,1.73479,0.0495897, -0.0219974, 0.953649, 0.295992
34,-4.52083,4.35956,1.73742,0.0578827, -0.0176448, 0.9547, 0.291353
35,-4.5237,4.33428,1.73714,0.0610545, -0.00931808, 0.955836, 0.287338
36,-4.52526,4.29027,1.73712,0.0643871, -0.00293919, 0.957942, 0.279628
37,-4.53298,4.25034,1.73714,0.062854, -0.00192701, 0.961827, 0.266336
38,-4.53922,4.22403,1.73674,0.0607869, -0.00270142, 0.965045, 0.254922
39,-4.54291,4.18226,1.73778,0.0619913, -0.00543545, 0.970396, 0.233366
40,-4.54913,4.13678,1.73151,0.063852, -0.0108647, 0.975564, 0.209954
41,-4.5566,4.09039,1.72146,0.063533, -0.0139967, 0.980296, 0.186511
42,-4.56845,4.06204,1.71189,0.0608684, -0.0133142, 0.983381, 0.170526
43,-4.58117,4.0129,1.71108,0.0506432, -0.0110254, 0.988125, 0.144649
44,-4.61163,3.94522,1.71177,0.0372831, -0.00856833, 0.992326, 0.117587
45,-4.62019,3.89041,1.71454,0.0326528, -0.00992576, 0.994139, 0.102579
46,-4.63415,3.84801,1.71164,0.0293861, -0.0134353, 0.995487, 0.0892227
47,-4.6375,3.80168,1.71765,0.0255798, -0.0136104, 0.996402, 0.0796437
48,-4.64514,3.76397,1.71275,0.0228532, -0.0132453, 0.997125, 0.0710266
49,-4.63958,3.71758,1.71472,0.0222482, -0.0139842, 0.997304, 0.06852
50,-4.63835,3.67803,1.70448,0.0234886, -0.00984325, 0.997348, 0.0681836
51,-4.6207,3.61675,1.69761,0.0297312, -0.00532406, 0.997342, 0.066308
52,-4.61103,3.57094,1.69232,0.0345819, 0.000202873, 0.997574, 0.0604197
53,-4.59876,3.52098,1.68873,0.0372656, -0.000441814, 0.997931, 0.0523994
54,-4.59176,3.48188,1.69037,0.0365698, -0.000357299, 0.998104, 0.0495127
55,-4.58314,3.43769,1.686,0.0357107, -0.000669494, 0.99839, 0.0440594
56,-4.5657,3.3912,1.69005,0.0344607, -0.00690659, 0.998791, 0.0343678
57,-4.56628,3.35076,1.68437,0.0323481, -0.0130873, 0.999264, 0.015901
58,-4.56446,3.31243,1.68054,0.0295454, -0.0153182, 0.999411, -0.00840382
59,-4.55355,3.26918,1.68223,0.0256162, -0.0196746, 0.99893, -0.0330931
60,-4.55411,3.22693,1.67344,0.0219742, -0.0242559, 0.997337, -0.0651691
61,-4.53505,3.19648,1.67713,0.0199479, -0.026648, 0.995756, -0.0858054
62,-4.53806,3.15187,1.67255,0.0158063, -0.0225899, 0.992041, -0.12286
63,-4.53335,3.10744,1.67162,0.012232, -0.0170529, 0.986143, -0.164567
64,-4.52963,3.0639,1.67475,0.00989769, -0.0128793, 0.977554, -0.210059
65,-4.52286,3.03765,1.67278,0.0085259, -0.0116793, 0.970333, -0.241338
66,-4.50915,3.00261,1.67086,0.00528043, -0.0111418, 0.956906, -0.290137
67,-4.49596,2.9791,1.67397,0.00264102, -0.0128832, 0.945522, -0.325293
68,-4.47632,2.95155,1.66935,-0.000593181, -0.0177188, 0.927015, -0.374605
69,-4.46757,2.93961,1.66951,-0.00214787, -0.0190432, 0.91253, -0.408561
70,-4.44113,2.92813,1.66615,-0.00519938, -0.01987, 0.889201, -0.457056
71,-4.42327,2.92454,1.66252,-0.0081926, -0.0185258, 0.8763, -0.481339
72,-4.39535,2.92328,1.65919,0.00986178, 0.0153252, -0.862836, 0.505155
73,-4.37347,2.92766,1.65992,0.0102267, 0.0104719, -0.857003, 0.515103
74,-4.33958,2.93342,1.65985,0.012502, 0.00356184, -0.850156, 0.526371
75,-4.31955,2.93901,1.65714,0.0150625, -0.000650027, -0.846498, 0.532178
76,-4.28488,2.9478,1.65511,0.0182559, -0.00490953, -0.839647, 0.542803
77,-4.25361,2.95755,1.65502,0.0234126, -0.00939275, -0.830394, 0.556606
78,-4.23317,2.96049,1.65077,0.0241499, -0.0105612, -0.822632, 0.567962
79,-4.20161,2.97156,1.65912,0.0194076, -0.0094502, -0.806512, 0.590824
80,-4.1842,2.96533,1.65611,0.0192202, -0.00838849, -0.792474, 0.609546
81,-4.16624,2.96191,1.65346,0.0208864, -0.0063921, -0.77869, 0.627029
82,-4.13674,2.96464,1.65398,0.0217414, -0.00204748, -0.75939, 0.650269
83,-4.10144,2.95637,1.64778,0.0197973, 0.0055139, -0.737309, 0.675243
84,-4.07748,2.9496,1.64484,0.0202566, 0.010857, -0.722095, 0.691412
85,-4.04662,2.94745,1.64279,0.0267948, 0.0156042, -0.697251, 0.716156
86,-4.02516,2.93603,1.64069,0.0326621, 0.0163064, -0.6768, 0.735261
87,-3.99959,2.92857,1.6401,0.0385609, 0.0169124, -0.656201, 0.753411
88,-3.95256,2.93265,1.64146,0.0418988, 0.0162643, -0.624393, 0.779816
89,-3.92951,2.93052,1.63954,0.0426067, 0.0158082, -0.600417, 0.798395
90,-3.89469,2.92877,1.63654,0.0444457, 0.0160607, -0.561466, 0.826149
91,-3.87457,2.92984,1.64097,0.0474511, 0.0183856, -0.536689, 0.842244
92,-3.84678,2.93575,1.64455,0.0508354, 0.0224599, -0.50697, 0.86017
93,-3.82747,2.94235,1.6436,0.0534821, 0.0241936, -0.490142, 0.869664
94,-3.7969,2.94862,1.64142,0.0577324, 0.0280018, -0.468516, 0.881122
95,-3.76903,2.9706,1.63634,0.0585434, 0.0314299, -0.455423, 0.887792
96,-3.73953,3.00084,1.63053,0.0584796, 0.0312829, -0.452201, 0.889447
97,-3.73408,3.00775,1.62909,0.0633757, 0.0210179, -0.448107, 0.891483
98,-3.72675,3.03455,1.63037,0.0667853, 0.0102872, -0.446335, 0.892311
99,-3.71153,3.07971,1.63326,0.0682123, -0.00264528, -0.446943, 0.891954
100,-3.69215,3.12092,1.63715,0.0668207, -0.00883557, -0.450703, 0.890126
101,-3.67337,3.14968,1.63838,0.0660214, -0.00922279, -0.453514, 0.888753
102,-3.65702,3.16915,1.63748,0.064732, -0.00752969, -0.455227, 0.887987
103,-3.63376,3.19834,1.63702,0.0643097, -0.00528864, -0.451456, 0.889957
104,-3.60729,3.22081,1.63796,0.0613337, -0.000490564, -0.441899, 0.894966
105,-3.57745,3.23036,1.63235,0.0626545, 0.00451698, -0.429601, 0.900831
106,-3.55503,3.24367,1.63064,0.0616719, 0.00802303, -0.421194, 0.904836
107,-3.52171,3.2702,1.62723,0.0594568, 0.0110884, -0.403226, 0.9131
108,-3.50102,3.33835,1.63903,0.0594022, 0.0139816, -0.391907, 0.917979
109,-3.46786,3.32864,1.62973,0.0678992, 0.0155368, -0.367226, 0.92752
110,-3.44071,3.34718,1.63172,0.0710048, 0.0164718, -0.348859, 0.934336
111,-3.41225,3.36876,1.63568,0.072319, 0.017332, -0.328084, 0.941717
112,-3.38516,3.39355,1.63842,0.0735084, 0.0166104, -0.306423, 0.948908
113,-3.35061,3.43428,1.64224,0.0695077, 0.0148143, -0.270416, 0.960117
114,-3.33571,3.45601,1.64159,0.0667143, 0.0138659, -0.241652, 0.967968
115,-3.31865,3.47367,1.63961,0.0660862, 0.0137732, -0.210201, 0.975325
116,-3.30391,3.49678,1.64046,0.0628144, 0.0138266, -0.182611, 0.981079
117,-3.29205,3.52209,1.64266,0.0599421, 0.0140366, -0.159717, 0.985241
118,-3.28424,3.58188,1.65399,0.0574086, 0.0122592, -0.14091, 0.988281
119,-3.28063,3.56863,1.64509,0.0587321, 0.00995455, -0.119476, 0.991048
120,-3.27425,3.59526,1.64181,0.0564162, 0.00855386, -0.101175, 0.993231
121,-3.27029,3.62532,1.63902,0.0532445, 0.00808068, -0.08666, 0.994781
122,-3.26429,3.66289,1.64298,0.0551484, 0.00859569, -0.0675241, 0.996155
123,-3.26513,3.6809,1.65165,0.0594861, 0.00939977, -0.0578747, 0.996506
124,-3.26676,3.68478,1.6537,0.0664517, 0.00732657, -0.0490691, 0.996555
125,-3.27172,3.70827,1.66022,0.0699665, 0.00643424, -0.0418882, 0.996649
126,-3.27288,3.77,1.6551,0.0735942, 0.00525633, -0.0341483, 0.99669
127,-3.27943,3.79882,1.65583,0.0780017, 0.00657378, -0.0262201, 0.996587
128,-3.28742,3.82407,1.65336,0.0819154, 0.00641824, -0.0169771, 0.996474
129,-3.28772,3.86382,1.66704,0.0807665, 0.00628802, -0.00613219, 0.996694
130,-3.28289,3.8661,1.6652,0.082128, 0.00656239, 0.00718861, 0.996574
131,-3.28523,3.88471,1.6685,0.0853643, 0.00781729, 0.0206781, 0.996105
132,-3.28912,3.9052,1.672,0.0877355, 0.00957768, 0.0364532, 0.995431
133,-3.28383,3.93194,1.66869,0.0897976, 0.0118362, 0.0538825, 0.994431
134,-3.28441,3.94981,1.67514,0.0858045, 0.013831, 0.0690089, 0.993823
135,-3.28682,3.97779,1.6784,0.0828361, 0.0135833, 0.0843512, 0.992894
136,-3.29018,4.00465,1.68022,0.0824782, 0.0131216, 0.102464, 0.991225
137,-3.27798,4.03667,1.66921,0.0847094, 0.0133878, 0.124015, 0.988567
138,-3.2733,4.06339,1.66989,0.0847825, 0.0160137, 0.14164, 0.986151
139,-3.27344,4.09304,1.67398,0.084348, 0.0182667, 0.155759, 0.984018
140,-3.27103,4.12622,1.67662,0.0845127, 0.0189712, 0.170302, 0.981578
141,-3.27438,4.15582,1.68438,0.0845821, 0.0182844, 0.181081, 0.979654
142,-3.27818,4.18341,1.68928,0.0864286, 0.017934, 0.188659, 0.978068
143,-3.2759,4.21305,1.68748,0.087443, 0.0168366, 0.200018, 0.975737
144,-3.28177,4.2352,1.69215,0.0891035, 0.0153542, 0.213235, 0.972808
145,-3.29061,4.25771,1.69478,0.0878739, 0.0144733, 0.229812, 0.969152
146,-3.29185,4.28634,1.69669,0.0869701, 0.0146277, 0.24991, 0.964245
147,-3.29962,4.30285,1.70451,0.0825755, 0.013942, 0.267939, 0.959789
148,-3.31297,4.32279,1.70753,0.0788996, 0.0134249, 0.283456, 0.95564
149,-3.34541,4.34377,1.7077,0.0796125, 0.0125716, 0.296246, 0.951705
150,-3.33569,4.36499,1.70716,0.079157, 0.0121913, 0.316335, 0.945261
151,-3.36604,4.39016,1.70727,0.0760346, 0.0103135, 0.334303, 0.939337
152,-3.38402,4.40685,1.70724,0.0756542, 0.0090783, 0.347916, 0.934424
153,-3.4057,4.41921,1.70913,0.0765269, 0.00783564, 0.362176, 0.92893
154,-3.42911,4.43156,1.71064,0.0773681, 0.00649564, 0.376883, 0.923001
155,-3.44847,4.44321,1.71619,0.0786502, 0.00672527, 0.390535, 0.917198
156,-3.4725,4.45213,1.72047,0.0799677, 0.00625973, 0.40433, 0.911089
157,-3.49737,4.45719,1.72147,0.0811052, 0.00719124, 0.419973, 0.903877
158,-3.51917,4.46361,1.73016,0.0781583, 0.00678478, 0.440203, 0.894464
159,-3.54147,4.47022,1.73434,0.0760839, 0.00961166, 0.46012, 0.884539
160,-3.55614,4.47595,1.72989,0.0756611, 0.0106385, 0.480653, 0.873576
161,-3.57498,4.48099,1.73241,0.0697588, 0.00961966, 0.501087, 0.862527
162,-3.59569,4.48408,1.73799,0.066663, 0.00954063, 0.520759, 0.851044
163,-3.60735,4.49402,1.73926,0.0648535, 0.00922852, 0.54188, 0.837899
164,-3.62982,4.49664,1.73903,0.0632614, 0.00767, 0.559692, 0.826247
165,-3.65738,4.49818,1.73923,0.0597913, 0.00586687, 0.575418, 0.81565
166,-3.67295,4.50355,1.74174,0.057029, 0.00339516, 0.591973, 0.803931
167,-3.69242,4.50959,1.74066,0.0545189, 0.00242307, 0.609759, 0.790706
168,-3.7134,4.5086,1.74037,0.0531272, 0.00162504, 0.626056, 0.777964
169,-3.73566,4.51733,1.74132,0.0523269, 0.00201954, 0.642935, 0.764128
170,-3.75666,4.52302,1.74351,0.0524377, 0.00553318, 0.658552, 0.750686
171,-3.78218,4.53227,1.74463,0.0525669, 0.00849992, 0.674019, 0.736792
172,-3.80584,4.53673,1.74668,0.0526682, 0.0115664, 0.6873, 0.724369
173,-3.83318,4.54038,1.75085,0.0516041, 0.0124539, 0.698599, 0.713541
174,-3.86202,4.53812,1.75494,0.0509417, 0.0111079, 0.708121, 0.704164
175,-3.88194,4.5462,1.75512,0.0501466, 0.00998003, 0.718675, 0.693464
176,-3.90558,4.54101,1.75803,0.0521812, 0.00858947, 0.727921, 0.683618
177,-3.92284,4.54563,1.75536,0.0547494, 0.00844872, 0.739083, 0.671333
178,-3.9457,4.535,1.75583,0.0562854, 0.00559495, 0.749047, 0.660098
179,-3.96148,4.53732,1.75707,0.0570293, 0.00457221, 0.759919, 0.647495
180,-3.9841,4.52633,1.76009,0.0573479, 0.00454172, 0.769039, 0.636608
181,-3.99958,4.52605,1.75735,0.0592131, 0.00895185, 0.777311, 0.62626
182,-4.02284,4.51617,1.75673,0.0571011, 0.0136881, 0.783671, 0.618395
183,-4.04979,4.50037,1.75555,0.0544164, 0.0132016, 0.788521, 0.612453
184,-4.0676,4.49806,1.74783,0.0548883, 0.0116919, 0.794798, 0.604274
185,-4.08973,4.48145,1.74855,0.0581434, 0.0130361, 0.801564, 0.594933
186,-4.11769,4.4537,1.74654,0.0621361, 0.0140479, 0.8063, 0.588067
187,-4.13156,4.44743,1.74085,0.066259, 0.0176412, 0.811087, 0.580893
188,-4.15365,4.42602,1.74035,0.0679739, 0.0166745, 0.816173, 0.573554
189,-4.17593,4.41126,1.73902,0.0658261, 0.0159474, 0.820463, 0.567674
190,-4.19796,4.38902,1.73874,0.0641748, 0.0151035, 0.82307, 0.564101
191,-4.22276,4.36493,1.74334,0.064546, 0.0152638, 0.826972, 0.558317
192,-4.22702,4.3651,1.73799,0.0645502, 0.0140917, 0.831981, 0.550855
193,-4.24318,4.34263,1.73873,0.0658633, 0.0118638, 0.837238, 0.542728
194,-4.2647,4.31667,1.74031,0.0676067, 0.0105756, 0.843051, 0.533463
195,-4.28014,4.29754,1.74065,0.0698023, 0.00929714, 0.849571, 0.522753
196,-4.29621,4.28273,1.74063,0.0718502, 0.0113774, 0.857388, 0.509503
197,-4.31636,4.26997,1.73687,0.0724298, 0.0107754, 0.866724, 0.493384
198,-4.33903,4.25677,1.73125,0.0707951, 0.0081399, 0.877209, 0.474791
199,-4.35201,4.26437,1.72925,0.0675123, 0.00706602, 0.888405, 0.454014
200,-4.39364,4.23012,1.72144,0.0636717, 0.0103659, 0.898531, 0.434143
201,-4.39756,4.23386,1.72996,0.0541369, 0.0170505, 0.907169, 0.41692
202,-4.44259,4.2132,1.7328,0.037753, 0.0233093, 0.918239, 0.393534
203,-4.48757,4.19754,1.73485,0.0280367, 0.0262748, 0.928528, 0.36927
204,-4.51311,4.1816,1.73648,0.0256051, 0.0266623, 0.934679, 0.353565
205,-4.54337,4.16672,1.73807,0.0254755, 0.0272361, 0.945051, 0.324788
206,-4.56043,4.13934,1.73974,0.0254235, 0.0272316, 0.955392, 0.292983
207,-4.57716,4.12031,1.74003,0.0236574, 0.0235895, 0.961639, 0.272277
208,-4.58894,4.08785,1.74114,0.0211453, 0.0168134, 0.969535, 0.24346
209,-4.59238,4.05438,1.73546,0.0214605, 0.0153259, 0.974817, 0.221443
210,-4.59223,4.03103,1.73312,0.0208821, 0.0152143, 0.977359, 0.210005
211,-4.59355,3.99238,1.72741,0.0244534, 0.0151593, 0.979413, 0.199807
212,-4.58535,3.96607,1.72305,0.029938, 0.0173528, 0.980305, 0.194436
213,-4.5722,3.92442,1.71789,0.0399784, 0.0227763, 0.981108, 0.187912
214,-4.55355,3.88405,1.71375,0.0514867, 0.0290904, 0.982105, 0.178807
215,-4.54303,3.85861,1.71116,0.057261, 0.0311496, 0.982992, 0.171691
216,-4.53713,3.82847,1.7115,0.0609153, 0.0290863, 0.984663, 0.160877
217,-4.53343,3.80854,1.70835,0.0630625, 0.0300356, 0.985819, 0.152582
218,-4.53259,3.78057,1.71012,0.0618901, 0.028401, 0.987743, 0.14045
219,-4.53852,3.75361,1.70705,0.0581041, 0.0297994, 0.989588, 0.128262
220,-4.54238,3.71935,1.71028,0.0518105, 0.0284203, 0.991496, 0.115944
221,-4.55502,3.68361,1.70495,0.0454301, 0.0239932, 0.993542, 0.101166
222,-4.55939,3.65605,1.69746,0.0418331, 0.025168, 0.994826, 0.0890902
223,-4.57736,3.61655,1.69369,0.0330383, 0.0304245, 0.996718, 0.0673477
224,-4.59327,3.56563,1.69511,0.0237491, 0.028272, 0.998291, 0.0452873
225,-4.60799,3.51766,1.69598,0.0198465, 0.0284468, 0.999249, 0.0172854
226,-4.61469,3.48663,1.69701,0.0183877, 0.02818, 0.99943, -0.00278389
227,-4.61926,3.4392,1.69895,0.0186174, 0.0245155, 0.998953, -0.0338508
228,-4.61645,3.4024,1.69905,0.018171, 0.0217041, 0.997193, -0.069321
229,-4.61494,3.37761,1.70207,0.0179682, 0.018164, 0.995167, -0.094815
230,-4.60686,3.34505,1.70273,0.015684, 0.0114484, 0.991326, -0.129984
231,-4.59354,3.31003,1.69507,0.0147623, 0.00709103, 0.986984, -0.159983
232,-4.5793,3.29009,1.69611,0.0144982, 0.00565919, 0.983639, -0.179479
233,-4.55899,3.26347,1.68877,0.0139344, 0.00632896, 0.978552, -0.20543
234,-4.54082,3.24725,1.6879,0.0149443, 0.00836198, 0.975439, -0.219603
235,-4.49858,3.22294,1.67771,0.0172119, 0.0177215, 0.96847, -0.247903
236,-4.46316,3.19547,1.67728,0.0193645, 0.0189673, 0.962171, -0.271096
237,-4.43163,3.1876,1.67823,0.0165929, 0.0240853, 0.955492, -0.293563
238,-4.41628,3.18604,1.67918,0.0133185, 0.0272526, 0.950433, -0.309447
239,-4.39179,3.17453,1.68058,0.00940245, 0.027769, 0.940939, -0.337306
240,-4.35578,3.12778,1.67585,0.00847342, 0.0230134, 0.930157, -0.366341
241,-4.33026,3.10818,1.67474,0.00596599, 0.0191709, 0.917516, -0.397192
242,-4.31298,3.09695,1.67724,0.00435309, 0.0172258, 0.907652, -0.419348
243,-4.28971,3.08583,1.67321,0.00279258, 0.0141866, 0.897193, -0.441401
244,-4.26728,3.07137,1.67003,0.00175334, 0.00925863, 0.878318, -0.477984
245,-4.24785,3.05691,1.66866,0.00259001, -0.00787466, -0.864026, 0.503379
246,-4.21697,3.0355,1.66428,0.00856684, -0.00536036, -0.842007, 0.539372
247,-4.20187,3.02872,1.65859,0.0153223, -0.00670768, -0.825214, 0.564572
248,-4.16466,3.00882,1.65733,0.0244445, -0.00749082, -0.799267, 0.600432
249,-4.14217,2.99616,1.65638,0.028751, -0.00661665, -0.782639, 0.621777
250,-4.11413,2.9767,1.65755,0.0324245, -0.00576004, -0.75624, 0.653466
251,-4.08498,2.96649,1.65417,0.034663, -0.00442015, -0.725586, 0.687243
252,-4.06644,2.96231,1.65052,0.0360355, -0.00423437, -0.706605, 0.706678
253,-4.03788,2.96086,1.64973,0.0351547, -0.00353537, -0.681099, 0.731338
254,-4.0126,2.96192,1.648,0.0358107, -0.00305642, -0.655669, 0.754192
255,-3.98367,2.96597,1.64469,0.039955, -0.00202655, -0.633138, 0.773004
256,-3.96166,2.97219,1.6447,0.04199, -0.000208989, -0.618748, 0.784467
257,-3.93073,2.98244,1.64067,0.0444749, 0.000149002, -0.600465, 0.798413
258,-3.89953,3.00043,1.63623,0.0469576, -0.00409291, -0.584313, 0.810158
259,-3.86614,3.02627,1.63453,0.0513325, -0.0111715, -0.571471, 0.818939
260,-3.84173,3.03938,1.63598,0.0565087, -0.0179325, -0.55793, 0.827768
261,-3.8132,3.06137,1.63806,0.062389, -0.0212205, -0.549059, 0.833182
262,-3.78764,3.08453,1.63816,0.0666706, -0.0226989, -0.543726, 0.836303
263,-3.75853,3.1082,1.64115,0.0706406, -0.0254321, -0.53662, 0.840477
264,-3.73468,3.12383,1.64111,0.0720775, -0.0262576, -0.528484, 0.84547
265,-3.7081,3.1414,1.63937,0.0730493, -0.0251003, -0.51976, 0.850813
266,-3.68843,3.14854,1.63774,0.0734378, -0.0221691, -0.513367, 0.854734
267,-3.65692,3.16003,1.6331,0.072785, -0.0176302, -0.504116, 0.860383
268,-3.60638,3.17823,1.62797,0.0758513, -0.0113501, -0.481915, 0.872855
269,-3.5804,3.18418,1.62467,0.0792552, -0.00770397, -0.469869, 0.879137
270,-3.54036,3.19647,1.63001,0.0857527, -0.00402428, -0.449859, 0.888964
271,-3.50038,3.21407,1.63185,0.0886201, -0.00443467, -0.42689, 0.89994
272,-3.46175,3.23206,1.63514,0.0907614, -0.00787018, -0.403031, 0.910641
273,-3.43535,3.24209,1.63629,0.093102, -0.00818895, -0.385573, 0.917932
274,-3.40947,3.25159,1.63719,0.0960684, -0.00511873, -0.367911, 0.924871
275,-3.37406,3.26866,1.63732,0.0988221, 0.000400571, -0.33999, 0.935222
276,-3.33764,3.29159,1.63892,0.0936, 0.0080198, -0.308442, 0.946593
277,-3.32009,3.30926,1.64109,0.0902683, 0.0110091, -0.289353, 0.952893
278,-3.30471,3.32884,1.64046,0.0903452, 0.0130195, -0.270454, 0.958396
279,-3.28626,3.35957,1.64443,0.0909725, 0.0161768, -0.244039, 0.965353
280,-3.27604,3.38998,1.63673,0.0902615, 0.0170526, -0.230722, 0.968674
281,-3.26951,3.41442,1.63295,0.0875638, 0.0159413, -0.220246, 0.971375
282,-3.26969,3.44864,1.63198,0.08735, 0.00494921, -0.206799, 0.974464
283,-3.27398,3.47277,1.63351,0.0940369, -0.00310631, -0.197784, 0.97572
284,-3.28011,3.50014,1.63773,0.0991707, -0.0105397, -0.189486, 0.976806
285,-3.28653,3.54242,1.64093,0.100546, -0.0175185, -0.176694, 0.97896
286,-3.28692,3.56951,1.64117,0.102649, -0.0203932, -0.164585, 0.980795
287,-3.28962,3.58925,1.64353,0.104594, -0.0209064, -0.151582, 0.982673
288,-3.28925,3.60801,1.64731,0.105945, -0.0189752, -0.13936, 0.984375
289,-3.28704,3.63692,1.65333,0.102664, -0.0166643, -0.117663, 0.987592
290,-3.28453,3.65508,1.65715,0.102297, -0.0164345, -0.100078, 0.98957
291,-3.28691,3.67759,1.65445,0.102363, -0.0156679, -0.0812097, 0.991303
292,-3.28817,3.70999,1.65394,0.100468, -0.0130538, -0.0512059, 0.993536
293,-3.27342,3.73005,1.65085,0.0980665, -0.0112427, -0.0273829, 0.99474
294,-3.26888,3.75156,1.65211,0.0962196, -0.00828721, -0.00559395, 0.99531
295,-3.25904,3.78708,1.65216,0.0958586, -0.00353878, 0.0228153, 0.995127
296,-3.24951,3.8118,1.65257,0.0972938, 0.00121292, 0.0381126, 0.994525
297,-3.24302,3.8392,1.65567,0.100031, 0.00651125, 0.0514577, 0.993632
298,-3.25855,3.8871,1.65758,0.101457, 0.0124293, 0.064203, 0.992688
299,-3.25415,3.91715,1.6619,0.104468, 0.0152255, 0.0734682, 0.991694
300,-3.23915,3.95763,1.66487,0.109653, 0.0152005, 0.089252, 0.989838
301,-3.24448,3.99685,1.66969,0.11015, 0.0128554, 0.107847, 0.987963
302,-3.24914,4.01956,1.67346,0.109188, 0.00999456, 0.121354, 0.986535
303,-3.25317,4.04451,1.67668,0.108169, 0.00939, 0.13451, 0.984946
304,-3.25582,4.07537,1.6764,0.106476, 0.00861273, 0.148318, 0.983153
305,-3.26671,4.10965,1.68398,0.10549, 0.00842367, 0.170187, 0.979713
306,-3.27338,4.13357,1.68497,0.104564, 0.0108683, 0.184486, 0.977197
307,-3.28275,4.15934,1.68783,0.101249, 0.0121025, 0.196163, 0.975255
308,-3.29581,4.18521,1.68971,0.0997694, 0.0130467, 0.204911, 0.973595
309,-3.31881,4.2099,1.68197,0.102019, 0.0137455, 0.210696, 0.972116
310,-3.3449,4.24468,1.69094,0.104115, 0.0139272, 0.221831, 0.969411
311,-3.36403,4.26557,1.69554,0.10616, 0.0138589, 0.229415, 0.967423
312,-3.3784,4.28724,1.70108,0.106332, 0.014399, 0.237594, 0.96542
313,-3.4028,4.31388,1.70898,0.107721, 0.0160774, 0.248627, 0.962456
314,-3.41795,4.32842,1.71325,0.110579, 0.0163913, 0.261347, 0.95875
315,-3.43364,4.34547,1.71769,0.110241, 0.0156624, 0.277602, 0.954222
316,-3.46065,4.35826,1.7111,0.108692, 0.0141382, 0.291008, 0.950421
317,-3.47771,4.38042,1.71924,0.104603, 0.0120855, 0.317553, 0.942376
318,-3.49054,4.39751,1.72586,0.103736, 0.010418, 0.337667, 0.935474
319,-3.50475,4.41265,1.73166,0.0994612, 0.00855034, 0.357842, 0.928431
320,-3.54166,4.42375,1.72227,0.0946881, 0.0060516, 0.387202, 0.9171
321,-3.56058,4.43455,1.72453,0.0900792, 0.00508983, 0.410354, 0.907452
322,-3.57988,4.44721,1.72456,0.0865315, 0.00449282, 0.434525, 0.896482
323,-3.61078,4.46636,1.72868,0.0824569, 0.00545325, 0.46899, 0.879329
324,-3.62986,4.4831,1.72959,0.0827639, 0.00898901, 0.492194, 0.866496
325,-3.66458,4.50694,1.74104,0.0793668, 0.0135411, 0.525884, 0.846737
326,-3.69307,4.51675,1.74183,0.0793586, 0.0169444, 0.545692, 0.834048
327,-3.72017,4.52258,1.74197,0.0807903, 0.0170751, 0.564557, 0.821253
328,-3.74831,4.53195,1.74524,0.0784918, 0.0154385, 0.583627, 0.808072
329,-3.78853,4.54472,1.75466,0.073462, 0.0122401, 0.615837, 0.784345
330,-3.81042,4.54473,1.75515,0.0719677, 0.0124101, 0.638374, 0.766254
331,-3.83658,4.55067,1.7559,0.0693752, 0.0102001, 0.660785, 0.747293
332,-3.85748,4.54712,1.75307,0.0689245, 0.008611, 0.679663, 0.730228
333,-3.88558,4.53711,1.75072,0.0691117, 0.00748661, 0.706468, 0.704323
334,-3.91024,4.51883,1.74756,0.068264, 0.00642509, 0.730508, 0.679453
335,-3.92837,4.50771,1.74623,0.0678414, 0.00624751, 0.743082, 0.665724
336,-3.94487,4.49522,1.74655,0.06771, 0.00558877, 0.752223, 0.655397
337,-3.97373,4.47809,1.74573,0.0689549, 0.00677473, 0.762683, 0.643051
338,-3.99471,4.47393,1.7425,0.0706336, 0.00905546, 0.769285, 0.634925
339,-4.01698,4.44471,1.74088,0.0727973, 0.0141755, 0.778015, 0.623853
340,-4.02663,4.4162,1.74214,0.0752126, 0.0181465, 0.783812, 0.61616
341,-4.04936,4.38952,1.73835,0.0771271, 0.0260301, 0.792966, 0.603803
342,-4.06326,4.36999,1.73425,0.078268, 0.0298038, 0.800042, 0.594069
343,-4.07635,4.35313,1.72989,0.0780669, 0.0335442, 0.807362, 0.583907
344,-4.09834,4.32741,1.72542,0.0770993, 0.0323847, 0.819489, 0.566961
345,-4.11811,4.31829,1.73066,0.0744764, 0.0290027, 0.828857, 0.553723
346,-4.13049,4.30113,1.72813,0.0738363, 0.0282334, 0.836744, 0.541858
347,-4.14457,4.27402,1.7233,0.0742515, 0.0315758, 0.849867, 0.520783
348,-4.17176,4.25581,1.72028,0.0727669, 0.0351524, 0.862939, 0.498805
349,-4.19289,4.24108,1.7175,0.0702156, 0.0345133, 0.872172, 0.482903
350,-4.22823,4.21715,1.7154,0.0632222, 0.0310355, 0.888479, 0.45348
351,-4.26826,4.19695,1.7181,0.0562886, 0.0340901, 0.904335, 0.421719
352,-4.3088,4.17593,1.7284,0.0502855, 0.0415829, 0.916831, 0.393908
353,-4.34951,4.15106,1.72966,0.0464232, 0.0437188, 0.92695, 0.369726
354,-4.38376,4.12479,1.72863,0.0441328, 0.0434489, 0.934122, 0.351541
355,-4.41605,4.09548,1.7235,0.0414781, 0.0394477, 0.940753, 0.334226
356,-4.44302,4.05848,1.72481,0.0389604, 0.0357637, 0.948991, 0.310836
357,-4.46105,4.03168,1.72624,0.0389615, 0.0367218, 0.955188, 0.291117
358,-4.47588,4.0013,1.72757,0.0381177, 0.0388369, 0.96031, 0.273575
359,-4.49031,3.95327,1.72345,0.0352108, 0.0402304, 0.965529, 0.254746
360,-4.49793,3.91537,1.71812,0.0348427, 0.0402586, 0.967078, 0.248848
361,-4.50189,3.87334,1.71278,0.0393251, 0.0437696, 0.968485, 0.242021
362,-4.50186,3.82544,1.70998,0.0426221, 0.0453251, 0.97025, 0.233975
363,-4.50339,3.78052,1.71244,0.0421393, 0.0458149, 0.972619, 0.223912
364,-4.50458,3.74092,1.70982,0.0408944, 0.0479839, 0.975574, 0.21043
365,-4.50482,3.70352,1.70617,0.0391859, 0.0472841, 0.979547, 0.191616
366,-4.50612,3.66366,1.70488,0.0356062, 0.0407064, 0.983726, 0.171343
367,-4.50771,3.64149,1.70393,0.0346017, 0.0392709, 0.986255, 0.156721
368,-4.50814,3.6083,1.70372,0.0331806, 0.0391957, 0.989922, 0.131978
369,-4.51251,3.55987,1.70256,0.0304126, 0.0333607, 0.994199, 0.0976222
370,-4.51753,3.52987,1.69733,0.0287233, 0.0299986, 0.997127, 0.063354
371,-4.52282,3.49486,1.69332,0.0251859, 0.0299938, 0.998856, 0.0274391
372,-4.52978,3.45287,1.692,0.0169505, 0.0283293, 0.999377, -0.0124557
373,-4.52964,3.4117,1.68996,0.00897721, 0.0261331, 0.998039, -0.0561725
374,-4.53314,3.36585,1.68924,0.00257044, 0.0247758, 0.994866, -0.0980867
375,-4.53463,3.3239,1.68981,-0.000977167, 0.0223212, 0.990126, -0.138392
376,-4.5316,3.28825,1.6915,-0.00454214, 0.0206534, 0.983499, -0.179676
377,-4.51729,3.26263,1.68605,-0.00821336, 0.0200477, 0.975452, -0.219142
378,-4.51531,3.24308,1.69148,-0.00865691, 0.0188086, 0.968277, -0.249022
379,-4.50381,3.2184,1.69111,-0.00954419, 0.014144, 0.955456, -0.29464
380,-4.48879,3.19699,1.69275,-0.0117869, 0.0121191, 0.942894, -0.332664
381,-4.47566,3.18417,1.69232,-0.0135478, 0.0121599, 0.934866, -0.354535
382,-4.44733,3.16795,1.68427,-0.016963, 0.0120256, 0.924104, -0.381575
383,-4.42869,3.15676,1.68084,-0.018333, 0.0114453, 0.919071, -0.393499
384,-4.39812,3.14192,1.67765,-0.0201616, 0.0139436, 0.913455, -0.406202
385,-4.36308,3.12989,1.67654,-0.0214796, 0.0196131, 0.909033, -0.415708
386,-4.33722,3.12369,1.67809,-0.0222403, 0.0242957, 0.904473, -0.425258
387,-4.2993,3.11221,1.67066,-0.0246316, 0.0253363, 0.896367, -0.441903
388,-4.27642,3.10653,1.66756,-0.0263081, 0.0248244, 0.891778, -0.451025
389,-4.24399,3.1005,1.66587,-0.028907, 0.0278175, 0.883706, -0.46632
390,-4.22375,3.0969,1.66206,-0.0289856, 0.0270574, 0.876891, -0.47905
391,-4.19314,3.08664,1.66261,-0.0289392, 0.0238217, 0.865313, -0.499828
392,-4.17608,3.08116,1.66022,0.0294386, -0.0220927, -0.856222, 0.515296
393,-4.14711,3.06996,1.65672,0.0321353, -0.0165269, -0.841302, 0.539357
394,-4.11442,3.05697,1.65414,0.0306879, -0.00640163, -0.826122, 0.562619
395,-4.08925,3.04735,1.65374,0.0298096, -0.00069772, -0.81314, 0.581304
396,-4.05367,3.03227,1.64973,0.0316257, 0.00523431, -0.793316, 0.607966
397,-4.01367,3.01474,1.64444,0.0357405, 0.00885445, -0.774477, 0.63153
398,-3.97025,2.99924,1.64313,0.0371631, 0.0126956, -0.756866, 0.65239
399,-3.94491,2.99158,1.64164,0.0365053, 0.0146445, -0.747867, 0.662682
400,-3.90239,2.97789,1.64032,0.0352241, 0.0134054, -0.732391, 0.67984
401,-3.86541,2.96868,1.63795,0.0347088, 0.0120844, -0.710762, 0.702471
402,-3.83095,2.96125,1.63466,0.0349857, 0.0140812, -0.687055, 0.725626
403,-3.7932,2.96006,1.63554,0.0282346, 0.0204169, -0.665183, 0.745867
404,-3.75833,2.96042,1.63329,0.0254964, 0.0257429, -0.643218, 0.764825
